Vertices: 33
v 0.0 0.0 0.0
v 0.0 1.0 0.0
v -0.19509032368659973 0.9807852506637573 0.0
v -0.3826834559440613 0.9238795042037964 0.0
v -0.5555702447891235 0.8314695954322815 0.0
v -0.7071067690849304 0.7071067690849304 0.0
v -0.8314695954322815 0.5555702447891235 0.0
v -0.9238795042037964 0.3826834559440613 0.0
v -0.9807852506637573 0.19509032368659973 0.0
v -1.0 0.0 0.0
v -0.9807852506637573 -0.19509032368659973 0.0
v -0.9238795042037964 -0.3826834559440613 0.0
v -0.8314695954322815 -0.5555702447891235 0.0
v -0.7071067690849304 -0.7071067690849304 0.0
v -0.5555702447891235 -0.8314695954322815 0.0
v -0.3826834559440613 -0.9238795042037964 0.0
v -0.19509032368659973 -0.9807852506637573 0.0
v 0.0 -1.0 0.0
v 0.19509032368659973 -0.9807852506637573 0.0
v 0.3826834559440613 -0.9238795042037964 0.0
v 0.5555702447891235 -0.8314695954322815 0.0
v 0.7071067690849304 -0.7071067690849304 0.0
v 0.8314695954322815 -0.5555702447891235 0.0
v 0.9238795042037964 -0.3826834559440613 0.0
v 0.9807852506637573 -0.19509032368659973 0.0
v 1.0 0.0 0.0
v 0.9807852506637573 0.19509032368659973 0.0
v 0.9238795042037964 0.3826834559440613 0.0
v 0.8314695954322815 0.5555702447891235 0.0
v 0.7071067690849304 0.7071067690849304 0.0
v 0.5555702447891235 0.8314695954322815 0.0
v 0.3826834559440613 0.9238795042037964 0.0
v 0.19509032368659973 0.9807852506637573 0.0
Faces: 32
f 0 1 2
f 0 2 3
f 0 3 4
f 0 4 5
f 0 5 6
f 0 6 7
f 0 7 8
f 0 8 9
f 0 9 10
f 0 10 11
f 0 11 12
f 0 12 13
f 0 13 14
f 0 14 15
f 0 15 16
f 0 16 17
f 0 17 18
f 0 18 19
f 0 19 20
f 0 20 21
f 0 21 22
f 0 22 23
f 0 23 24
f 0 24 25
f 0 25 26
f 0 26 27
f 0 27 28
f 0 28 29
f 0 29 30
f 0 30 31
f 0 31 32
f 0 32 1
