Vertices: 8
v 1.0 1.0 -1.0
v 1.0 -1.0 -1.0
v 1.0 1.0 1.0
v 1.0 -1.0 1.0
v -1.0 1.0 -1.0
v -1.0 -1.0 -1.0
v -1.0 1.0 1.0
v -1.0 -1.0 1.0
Normals: 8
vn 0.5773502588272095 0.5773502588272095 -0.5773502588272095
vn 0.5773502588272095 -0.5773502588272095 -0.5773502588272095
vn 0.5773502588272095 0.5773502588272095 0.5773502588272095
vn 0.5773502588272095 -0.5773502588272095 0.5773502588272095
vn -0.5773502588272095 0.5773502588272095 -0.5773502588272095
vn -0.5773502588272095 -0.5773502588272095 -0.5773502588272095
vn -0.5773502588272095 0.5773502588272095 0.5773502588272095
vn -0.5773502588272095 -0.5773502588272095 0.5773502588272095
Faces: 12
f 0 4 6
f 0 6 2
f 3 2 6
f 3 6 7
f 7 6 4
f 7 4 5
f 5 1 3
f 5 3 7
f 1 0 2
f 1 2 3
f 5 4 0
f 5 0 1