Vertices: 507
v 0.4375 -0.765625 0.1640625
v -0.4375 -0.765625 0.1640625
v 0.5 -0.6875 0.09375
v -0.5 -0.6875 0.09375
v 0.546875 -0.578125 0.0546875
v -0.546875 -0.578125 0.0546875
v 0.3515625 -0.6171875 -0.0234375
v -0.3515625 -0.6171875 -0.0234375
v 0.3515625 -0.71875 0.03125
v -0.3515625 -0.71875 0.03125
v 0.3515625 -0.78125 0.1328125
v -0.3515625 -0.78125 0.1328125
v 0.2734375 -0.796875 0.1640625
v -0.2734375 -0.796875 0.1640625
v 0.203125 -0.7421875 0.09375
v -0.203125 -0.7421875 0.09375
v 0.15625 -0.6484375 0.0546875
v -0.15625 -0.6484375 0.0546875
v 0.078125 -0.65625 0.2421875
v -0.078125 -0.65625 0.2421875
v 0.140625 -0.7421875 0.2421875
v -0.140625 -0.7421875 0.2421875
v 0.2421875 -0.796875 0.2421875
v -0.2421875 -0.796875 0.2421875
v 0.2734375 -0.796875 0.328125
v -0.2734375 -0.796875 0.328125
v 0.203125 -0.7421875 0.390625
v -0.203125 -0.7421875 0.390625
v 0.15625 -0.6484375 0.4375
v -0.15625 -0.6484375 0.4375
v 0.3515625 -0.6171875 0.515625
v -0.3515625 -0.6171875 0.515625
v 0.3515625 -0.71875 0.453125
v -0.3515625 -0.71875 0.453125
v 0.3515625 -0.78125 0.359375
v -0.3515625 -0.78125 0.359375
v 0.4375 -0.765625 0.328125
v -0.4375 -0.765625 0.328125
v 0.5 -0.6875 0.390625
v -0.5 -0.6875 0.390625
v 0.546875 -0.578125 0.4375
v -0.546875 -0.578125 0.4375
v 0.625 -0.5625 0.2421875
v -0.625 -0.5625 0.2421875
v 0.5625 -0.671875 0.2421875
v -0.5625 -0.671875 0.2421875
v 0.46875 -0.7578125 0.2421875
v -0.46875 -0.7578125 0.2421875
v 0.4765625 -0.7734375 0.2421875
v -0.4765625 -0.7734375 0.2421875
v 0.4453125 -0.78125 0.3359375
v -0.4453125 -0.78125 0.3359375
v 0.3515625 -0.8046875 0.375
v -0.3515625 -0.8046875 0.375
v 0.265625 -0.8203125 0.3359375
v -0.265625 -0.8203125 0.3359375
v 0.2265625 -0.8203125 0.2421875
v -0.2265625 -0.8203125 0.2421875
v 0.265625 -0.8203125 0.15625
v -0.265625 -0.8203125 0.15625
v 0.3515625 -0.828125 0.2421875
v -0.3515625 -0.828125 0.2421875
v 0.3515625 -0.8046875 0.1171875
v -0.3515625 -0.8046875 0.1171875
v 0.4453125 -0.78125 0.15625
v -0.4453125 -0.78125 0.15625
v 0.0 -0.7421875 0.4296875
v 0.0 -0.8203125 0.3515625
v 0.0 -0.734375 -0.6796875
v 0.0 -0.78125 -0.3203125
v 0.0 -0.796875 -0.1875
v 0.0 -0.71875 -0.7734375
v 0.0 -0.6015625 0.40625
v 0.0 -0.5703125 0.5703125
v 0.0 0.546875 0.8984375
v 0.0 0.8515625 0.5625
v 0.0 0.828125 0.0703125
v 0.0 0.3515625 -0.3828125
v 0.203125 -0.5625 -0.1875
v -0.203125 -0.5625 -0.1875
v 0.3125 -0.5703125 -0.4375
v -0.3125 -0.5703125 -0.4375
v 0.3515625 -0.5703125 -0.6953125
v -0.3515625 -0.5703125 -0.6953125
v 0.3671875 -0.53125 -0.890625
v -0.3671875 -0.53125 -0.890625
v 0.328125 -0.5234375 -0.9453125
v -0.328125 -0.5234375 -0.9453125
v 0.1796875 -0.5546875 -0.96875
v -0.1796875 -0.5546875 -0.96875
v 0.0 -0.578125 -0.984375
v 0.4375 -0.53125 -0.140625
v -0.4375 -0.53125 -0.140625
v 0.6328125 -0.5390625 -0.0390625
v -0.6328125 -0.5390625 -0.0390625
v 0.828125 -0.4453125 0.1484375
v -0.828125 -0.4453125 0.1484375
v 0.859375 -0.59375 0.4296875
v -0.859375 -0.59375 0.4296875
v 0.7109375 -0.625 0.484375
v -0.7109375 -0.625 0.484375
v 0.4921875 -0.6875 0.6015625
v -0.4921875 -0.6875 0.6015625
v 0.3203125 -0.734375 0.7578125
v -0.3203125 -0.734375 0.7578125
v 0.15625 -0.7578125 0.71875
v -0.15625 -0.7578125 0.71875
v 0.0625 -0.75 0.4921875
v -0.0625 -0.75 0.4921875
v 0.1640625 -0.7734375 0.4140625
v -0.1640625 -0.7734375 0.4140625
v 0.125 -0.765625 0.3046875
v -0.125 -0.765625 0.3046875
v 0.203125 -0.7421875 0.09375
v -0.203125 -0.7421875 0.09375
v 0.375 -0.703125 0.015625
v -0.375 -0.703125 0.015625
v 0.4921875 -0.671875 0.0625
v -0.4921875 -0.671875 0.0625
v 0.625 -0.6484375 0.1875
v -0.625 -0.6484375 0.1875
v 0.640625 -0.6484375 0.296875
v -0.640625 -0.6484375 0.296875
v 0.6015625 -0.6640625 0.375
v -0.6015625 -0.6640625 0.375
v 0.4296875 -0.71875 0.4375
v -0.4296875 -0.71875 0.4375
v 0.25 -0.7578125 0.46875
v -0.25 -0.7578125 0.46875
v 0.0 -0.734375 -0.765625
v 0.109375 -0.734375 -0.71875
v -0.109375 -0.734375 -0.71875
v 0.1171875 -0.7109375 -0.8359375
v -0.1171875 -0.7109375 -0.8359375
v 0.0625 -0.6953125 -0.8828125
v -0.0625 -0.6953125 -0.8828125
v 0.0 -0.6875 -0.890625
v 0.0 -0.75 -0.1953125
v 0.0 -0.7421875 -0.140625
v 0.1015625 -0.7421875 -0.1484375
v -0.1015625 -0.7421875 -0.1484375
v 0.125 -0.75 -0.2265625
v -0.125 -0.75 -0.2265625
v 0.0859375 -0.7421875 -0.2890625
v -0.0859375 -0.7421875 -0.2890625
v 0.3984375 -0.671875 -0.046875
v -0.3984375 -0.671875 -0.046875
v 0.6171875 -0.625 0.0546875
v -0.6171875 -0.625 0.0546875
v 0.7265625 -0.6015625 0.203125
v -0.7265625 -0.6015625 0.203125
v 0.7421875 -0.65625 0.375
v -0.7421875 -0.65625 0.375
v 0.6875 -0.7265625 0.4140625
v -0.6875 -0.7265625 0.4140625
v 0.4375 -0.796875 0.546875
v -0.4375 -0.796875 0.546875
v 0.3125 -0.8359375 0.640625
v -0.3125 -0.8359375 0.640625
v 0.203125 -0.8515625 0.6171875
v -0.203125 -0.8515625 0.6171875
v 0.1015625 -0.84375 0.4296875
v -0.1015625 -0.84375 0.4296875
v 0.125 -0.8125 -0.1015625
v -0.125 -0.8125 -0.1015625
v 0.2109375 -0.7109375 -0.4453125
v -0.2109375 -0.7109375 -0.4453125
v 0.25 -0.6875 -0.703125
v -0.25 -0.6875 -0.703125
v 0.265625 -0.6640625 -0.8203125
v -0.265625 -0.6640625 -0.8203125
v 0.234375 -0.6328125 -0.9140625
v -0.234375 -0.6328125 -0.9140625
v 0.1640625 -0.6328125 -0.9296875
v -0.1640625 -0.6328125 -0.9296875
v 0.0 -0.640625 -0.9453125
v 0.0 -0.7265625 0.046875
v 0.0 -0.765625 0.2109375
v 0.328125 -0.7421875 0.4765625
v -0.328125 -0.7421875 0.4765625
v 0.1640625 -0.75 0.140625
v -0.1640625 -0.75 0.140625
v 0.1328125 -0.7578125 0.2109375
v -0.1328125 -0.7578125 0.2109375
v 0.1171875 -0.734375 -0.6875
v -0.1171875 -0.734375 -0.6875
v 0.078125 -0.75 -0.4453125
v -0.078125 -0.75 -0.4453125
v 0.0 -0.75 -0.4453125
v 0.0 -0.7421875 -0.328125
v 0.09375 -0.78125 -0.2734375
v -0.09375 -0.78125 -0.2734375
v 0.1328125 -0.796875 -0.2265625
v -0.1328125 -0.796875 -0.2265625
v 0.109375 -0.78125 -0.1328125
v -0.109375 -0.78125 -0.1328125
v 0.0390625 -0.78125 -0.125
v -0.0390625 -0.78125 -0.125
v 0.0 -0.828125 -0.203125
v 0.046875 -0.8125 -0.1484375
v -0.046875 -0.8125 -0.1484375
v 0.09375 -0.8125 -0.15625
v -0.09375 -0.8125 -0.15625
v 0.109375 -0.828125 -0.2265625
v -0.109375 -0.828125 -0.2265625
v 0.078125 -0.8046875 -0.25
v -0.078125 -0.8046875 -0.25
v 0.0 -0.8046875 -0.2890625
v 0.2578125 -0.5546875 -0.3125
v -0.2578125 -0.5546875 -0.3125
v 0.1640625 -0.7109375 -0.2421875
v -0.1640625 -0.7109375 -0.2421875
v 0.1796875 -0.7109375 -0.3125
v -0.1796875 -0.7109375 -0.3125
v 0.234375 -0.5546875 -0.25
v -0.234375 -0.5546875 -0.25
v 0.0 -0.6875 -0.875
v 0.046875 -0.6875 -0.8671875
v -0.046875 -0.6875 -0.8671875
v 0.09375 -0.7109375 -0.8203125
v -0.09375 -0.7109375 -0.8203125
v 0.09375 -0.7265625 -0.7421875
v -0.09375 -0.7265625 -0.7421875
v 0.0 -0.65625 -0.78125
v 0.09375 -0.6640625 -0.75
v -0.09375 -0.6640625 -0.75
v 0.09375 -0.640625 -0.8125
v -0.09375 -0.640625 -0.8125
v 0.046875 -0.6328125 -0.8515625
v -0.046875 -0.6328125 -0.8515625
v 0.0 -0.6328125 -0.859375
v 0.171875 -0.78125 0.21875
v -0.171875 -0.78125 0.21875
v 0.1875 -0.7734375 0.15625
v -0.1875 -0.7734375 0.15625
v 0.3359375 -0.7578125 0.4296875
v -0.3359375 -0.7578125 0.4296875
v 0.2734375 -0.7734375 0.421875
v -0.2734375 -0.7734375 0.421875
v 0.421875 -0.7734375 0.3984375
v -0.421875 -0.7734375 0.3984375
v 0.5625 -0.6953125 0.3515625
v -0.5625 -0.6953125 0.3515625
v 0.5859375 -0.6875 0.2890625
v -0.5859375 -0.6875 0.2890625
v 0.578125 -0.6796875 0.1953125
v -0.578125 -0.6796875 0.1953125
v 0.4765625 -0.71875 0.1015625
v -0.4765625 -0.71875 0.1015625
v 0.375 -0.7421875 0.0625
v -0.375 -0.7421875 0.0625
v 0.2265625 -0.78125 0.109375
v -0.2265625 -0.78125 0.109375
v 0.1796875 -0.78125 0.296875
v -0.1796875 -0.78125 0.296875
v 0.2109375 -0.78125 0.375
v -0.2109375 -0.78125 0.375
v 0.234375 -0.7578125 0.359375
v -0.234375 -0.7578125 0.359375
v 0.1953125 -0.7578125 0.296875
v -0.1953125 -0.7578125 0.296875
v 0.2421875 -0.7578125 0.125
v -0.2421875 -0.7578125 0.125
v 0.375 -0.7265625 0.0859375
v -0.375 -0.7265625 0.0859375
v 0.4609375 -0.703125 0.1171875
v -0.4609375 -0.703125 0.1171875
v 0.546875 -0.671875 0.2109375
v -0.546875 -0.671875 0.2109375
v 0.5546875 -0.671875 0.28125
v -0.5546875 -0.671875 0.28125
v 0.53125 -0.6796875 0.3359375
v -0.53125 -0.6796875 0.3359375
v 0.4140625 -0.75 0.390625
v -0.4140625 -0.75 0.390625
v 0.28125 -0.765625 0.3984375
v -0.28125 -0.765625 0.3984375
v 0.3359375 -0.75 0.40625
v -0.3359375 -0.75 0.40625
v 0.203125 -0.75 0.171875
v -0.203125 -0.75 0.171875
v 0.1953125 -0.75 0.2265625
v -0.1953125 -0.75 0.2265625
v 0.109375 -0.609375 0.4609375
v -0.109375 -0.609375 0.4609375
v 0.1953125 -0.6171875 0.6640625
v -0.1953125 -0.6171875 0.6640625
v 0.3359375 -0.59375 0.6875
v -0.3359375 -0.59375 0.6875
v 0.484375 -0.5546875 0.5546875
v -0.484375 -0.5546875 0.5546875
v 0.6796875 -0.4921875 0.453125
v -0.6796875 -0.4921875 0.453125
v 0.796875 -0.4609375 0.40625
v -0.796875 -0.4609375 0.40625
v 0.7734375 -0.375 0.1640625
v -0.7734375 -0.375 0.1640625
v 0.6015625 -0.4140625 0.0
v -0.6015625 -0.4140625 0.0
v 0.4375 -0.46875 -0.09375
v -0.4375 -0.46875 -0.09375
v 0.0 -0.2890625 0.8984375
v 0.0 0.078125 0.984375
v 0.0 0.671875 -0.1953125
v 0.0 -0.1875 -0.4609375
v 0.0 -0.4609375 -0.9765625
v 0.0 -0.34375 -0.8046875
v 0.0 -0.3203125 -0.5703125
v 0.0 -0.28125 -0.484375
v 0.8515625 -0.0546875 0.234375
v -0.8515625 -0.0546875 0.234375
v 0.859375 0.046875 0.3203125
v -0.859375 0.046875 0.3203125
v 0.7734375 0.4375 0.265625
v -0.7734375 0.4375 0.265625
v 0.4609375 0.703125 0.4375
v -0.4609375 0.703125 0.4375
v 0.734375 -0.0703125 -0.046875
v -0.734375 -0.0703125 -0.046875
v 0.59375 0.1640625 -0.125
v -0.59375 0.1640625 -0.125
v 0.640625 0.4296875 -0.0078125
v -0.640625 0.4296875 -0.0078125
v 0.3359375 0.6640625 0.0546875
v -0.3359375 0.6640625 0.0546875
v 0.234375 -0.40625 -0.3515625
v -0.234375 -0.40625 -0.3515625
v 0.1796875 -0.2578125 -0.4140625
v -0.1796875 -0.2578125 -0.4140625
v 0.2890625 -0.3828125 -0.7109375
v -0.2890625 -0.3828125 -0.7109375
v 0.25 -0.390625 -0.5
v -0.25 -0.390625 -0.5
v 0.328125 -0.3984375 -0.9140625
v -0.328125 -0.3984375 -0.9140625
v 0.140625 -0.3671875 -0.7578125
v -0.140625 -0.3671875 -0.7578125
v 0.125 -0.359375 -0.5390625
v -0.125 -0.359375 -0.5390625
v 0.1640625 -0.4375 -0.9453125
v -0.1640625 -0.4375 -0.9453125
v 0.21875 -0.4296875 -0.28125
v -0.21875 -0.4296875 -0.28125
v 0.2109375 -0.46875 -0.2265625
v -0.2109375 -0.46875 -0.2265625
v 0.203125 -0.5 -0.171875
v -0.203125 -0.5 -0.171875
v 0.2109375 -0.1640625 -0.390625
v -0.2109375 -0.1640625 -0.390625
v 0.296875 0.265625 -0.3125
v -0.296875 0.265625 -0.3125
v 0.34375 0.5390625 -0.1484375
v -0.34375 0.5390625 -0.1484375
v 0.453125 0.3828125 0.8671875
v -0.453125 0.3828125 0.8671875
v 0.453125 0.0703125 0.9296875
v -0.453125 0.0703125 0.9296875
v 0.453125 -0.234375 0.8515625
v -0.453125 -0.234375 0.8515625
v 0.4609375 -0.4296875 0.5234375
v -0.4609375 -0.4296875 0.5234375
v 0.7265625 -0.3359375 0.40625
v -0.7265625 -0.3359375 0.40625
v 0.6328125 -0.28125 0.453125
v -0.6328125 -0.28125 0.453125
v 0.640625 -0.0546875 0.703125
v -0.640625 -0.0546875 0.703125
v 0.796875 -0.125 0.5625
v -0.796875 -0.125 0.5625
v 0.796875 0.1171875 0.6171875
v -0.796875 0.1171875 0.6171875
v 0.640625 0.1953125 0.75
v -0.640625 0.1953125 0.75
v 0.640625 0.4453125 0.6796875
v -0.640625 0.4453125 0.6796875
v 0.796875 0.359375 0.5390625
v -0.796875 0.359375 0.5390625
v 0.6171875 0.5859375 0.328125
v -0.6171875 0.5859375 0.328125
v 0.484375 0.546875 0.0234375
v -0.484375 0.546875 0.0234375
v 0.8203125 0.203125 0.328125
v -0.8203125 0.203125 0.328125
v 0.40625 -0.1484375 -0.171875
v -0.40625 -0.1484375 -0.171875
v 0.4296875 0.2109375 -0.1953125
v -0.4296875 0.2109375 -0.1953125
v 0.890625 0.234375 0.40625
v -0.890625 0.234375 0.40625
v 0.7734375 0.125 -0.140625
v -0.7734375 0.125 -0.140625
v 1.0390625 0.328125 -0.1015625
v -1.0390625 0.328125 -0.1015625
v 1.28125 0.4296875 0.0546875
v -1.28125 0.4296875 0.0546875
v 1.3515625 0.421875 0.3203125
v -1.3515625 0.421875 0.3203125
v 1.234375 0.421875 0.5078125
v -1.234375 0.421875 0.5078125
v 1.0234375 0.3125 0.4765625
v -1.0234375 0.3125 0.4765625
v 1.015625 0.2890625 0.4140625
v -1.015625 0.2890625 0.4140625
v 1.1875 0.390625 0.4375
v -1.1875 0.390625 0.4375
v 1.265625 0.40625 0.2890625
v -1.265625 0.40625 0.2890625
v 1.2109375 0.40625 0.078125
v -1.2109375 0.40625 0.078125
v 1.03125 0.3046875 -0.0390625
v -1.03125 0.3046875 -0.0390625
v 0.828125 0.1328125 -0.0703125
v -0.828125 0.1328125 -0.0703125
v 0.921875 0.21875 0.359375
v -0.921875 0.21875 0.359375
v 0.9453125 0.2890625 0.3046875
v -0.9453125 0.2890625 0.3046875
v 0.8828125 0.2109375 -0.0234375
v -0.8828125 0.2109375 -0.0234375
v 1.0390625 0.3671875 0.0
v -1.0390625 0.3671875 0.0
v 1.1875 0.4453125 0.09375
v -1.1875 0.4453125 0.09375
v 1.234375 0.4453125 0.25
v -1.234375 0.4453125 0.25
v 1.171875 0.4375 0.359375
v -1.171875 0.4375 0.359375
v 1.0234375 0.359375 0.34375
v -1.0234375 0.359375 0.34375
v 0.84375 0.2109375 0.2890625
v -0.84375 0.2109375 0.2890625
v 0.8359375 0.2734375 0.171875
v -0.8359375 0.2734375 0.171875
v 0.7578125 0.2734375 0.09375
v -0.7578125 0.2734375 0.09375
v 0.8203125 0.2734375 0.0859375
v -0.8203125 0.2734375 0.0859375
v 0.84375 0.2734375 0.015625
v -0.84375 0.2734375 0.015625
v 0.8125 0.2734375 -0.015625
v -0.8125 0.2734375 -0.015625
v 0.7265625 0.0703125 0.0
v -0.7265625 0.0703125 0.0
v 0.71875 0.171875 -0.0234375
v -0.71875 0.171875 -0.0234375
v 0.71875 0.1875 0.0390625
v -0.71875 0.1875 0.0390625
v 0.796875 0.2109375 0.203125
v -0.796875 0.2109375 0.203125
v 0.890625 0.265625 0.2421875
v -0.890625 0.265625 0.2421875
v 0.890625 0.3203125 0.234375
v -0.890625 0.3203125 0.234375
v 0.8125 0.3203125 -0.015625
v -0.8125 0.3203125 -0.015625
v 0.8515625 0.3203125 0.015625
v -0.8515625 0.3203125 0.015625
v 0.828125 0.3203125 0.078125
v -0.828125 0.3203125 0.078125
v 0.765625 0.3203125 0.09375
v -0.765625 0.3203125 0.09375
v 0.84375 0.3203125 0.171875
v -0.84375 0.3203125 0.171875
v 1.0390625 0.4140625 0.328125
v -1.0390625 0.4140625 0.328125
v 1.1875 0.484375 0.34375
v -1.1875 0.484375 0.34375
v 1.2578125 0.4921875 0.2421875
v -1.2578125 0.4921875 0.2421875
v 1.2109375 0.484375 0.0859375
v -1.2109375 0.484375 0.0859375
v 1.046875 0.421875 0.0
v -1.046875 0.421875 0.0
v 0.8828125 0.265625 -0.015625
v -0.8828125 0.265625 -0.015625
v 0.953125 0.34375 0.2890625
v -0.953125 0.34375 0.2890625
v 0.890625 0.328125 0.109375
v -0.890625 0.328125 0.109375
v 0.9375 0.3359375 0.0625
v -0.9375 0.3359375 0.0625
v 1.0 0.3671875 0.125
v -1.0 0.3671875 0.125
v 0.9609375 0.3515625 0.171875
v -0.9609375 0.3515625 0.171875
v 1.015625 0.375 0.234375
v -1.015625 0.375 0.234375
v 1.0546875 0.3828125 0.1875
v -1.0546875 0.3828125 0.1875
v 1.109375 0.390625 0.2109375
v -1.109375 0.390625 0.2109375
v 1.0859375 0.390625 0.2734375
v -1.0859375 0.390625 0.2734375
v 1.0234375 0.484375 0.4375
v -1.0234375 0.484375 0.4375
v 1.25 0.546875 0.46875
v -1.25 0.546875 0.46875
v 1.3671875 0.5 0.296875
v -1.3671875 0.5 0.296875
v 1.3125 0.53125 0.0546875
v -1.3125 0.53125 0.0546875
v 1.0390625 0.4921875 -0.0859375
v -1.0390625 0.4921875 -0.0859375
v 0.7890625 0.328125 -0.125
v -0.7890625 0.328125 -0.125
v 0.859375 0.3828125 0.3828125
v -0.859375 0.3828125 0.3828125
Faces: 968
f 46 0 2
f 46 2 44
f 3 1 47
f 3 47 45
f 44 2 4
f 44 4 42
f 5 3 45
f 5 45 43
f 2 8 6
f 2 6 4
f 7 9 3
f 7 3 5
f 0 10 8
f 0 8 2
f 9 11 1
f 9 1 3
f 10 12 14
f 10 14 8
f 15 13 11
f 15 11 9
f 8 14 16
f 8 16 6
f 17 15 9
f 17 9 7
f 14 20 18
f 14 18 16
f 19 21 15
f 19 15 17
f 12 22 20
f 12 20 14
f 21 23 13
f 21 13 15
f 22 24 26
f 22 26 20
f 27 25 23
f 27 23 21
f 20 26 28
f 20 28 18
f 29 27 21
f 29 21 19
f 26 32 30
f 26 30 28
f 31 33 27
f 31 27 29
f 24 34 32
f 24 32 26
f 33 35 25
f 33 25 27
f 34 36 38
f 34 38 32
f 39 37 35
f 39 35 33
f 32 38 40
f 32 40 30
f 41 39 33
f 41 33 31
f 38 44 42
f 38 42 40
f 43 45 39
f 43 39 41
f 36 46 44
f 36 44 38
f 45 47 37
f 45 37 39
f 46 36 50
f 46 50 48
f 51 37 47
f 51 47 49
f 36 34 52
f 36 52 50
f 53 35 37
f 53 37 51
f 34 24 54
f 34 54 52
f 55 25 35
f 55 35 53
f 24 22 56
f 24 56 54
f 57 23 25
f 57 25 55
f 22 12 58
f 22 58 56
f 59 13 23
f 59 23 57
f 12 10 62
f 12 62 58
f 63 11 13
f 63 13 59
f 10 0 64
f 10 64 62
f 65 1 11
f 65 11 63
f 0 46 48
f 0 48 64
f 49 47 1
f 49 1 65
f 60 64 48
f 49 65 61
f 62 64 60
f 61 65 63
f 60 58 62
f 63 59 61
f 60 56 58
f 59 57 61
f 60 54 56
f 57 55 61
f 60 52 54
f 55 53 61
f 60 50 52
f 53 51 61
f 60 48 50
f 51 49 61
f 88 173 175
f 88 175 90
f 175 174 89
f 175 89 90
f 86 171 173
f 86 173 88
f 174 172 87
f 174 87 89
f 84 169 171
f 84 171 86
f 172 170 85
f 172 85 87
f 82 167 169
f 82 169 84
f 170 168 83
f 170 83 85
f 80 165 167
f 80 167 82
f 168 166 81
f 168 81 83
f 78 91 145
f 78 145 163
f 146 92 79
f 146 79 164
f 91 93 147
f 91 147 145
f 148 94 92
f 148 92 146
f 93 95 149
f 93 149 147
f 150 96 94
f 150 94 148
f 95 97 151
f 95 151 149
f 152 98 96
f 152 96 150
f 97 99 153
f 97 153 151
f 154 100 98
f 154 98 152
f 99 101 155
f 99 155 153
f 156 102 100
f 156 100 154
f 101 103 157
f 101 157 155
f 158 104 102
f 158 102 156
f 103 105 159
f 103 159 157
f 160 106 104
f 160 104 158
f 105 107 161
f 105 161 159
f 162 108 106
f 162 106 160
f 107 66 67
f 107 67 161
f 67 66 108
f 67 108 162
f 109 127 159
f 109 159 161
f 160 128 110
f 160 110 162
f 127 178 157
f 127 157 159
f 158 179 128
f 158 128 160
f 125 155 157
f 125 157 178
f 158 156 126
f 158 126 179
f 123 153 155
f 123 155 125
f 156 154 124
f 156 124 126
f 121 151 153
f 121 153 123
f 154 152 122
f 154 122 124
f 119 149 151
f 119 151 121
f 152 150 120
f 152 120 122
f 117 147 149
f 117 149 119
f 150 148 118
f 150 118 120
f 115 145 147
f 115 147 117
f 148 146 116
f 148 116 118
f 113 163 145
f 113 145 115
f 146 164 114
f 146 114 116
f 113 180 176
f 113 176 163
f 176 181 114
f 176 114 164
f 109 161 67
f 109 67 111
f 67 162 110
f 67 110 112
f 111 67 177
f 111 177 182
f 177 67 112
f 177 112 183
f 176 180 182
f 176 182 177
f 183 181 176
f 183 176 177
f 134 136 175
f 134 175 173
f 175 136 135
f 175 135 174
f 132 134 173
f 132 173 171
f 174 135 133
f 174 133 172
f 130 132 171
f 130 171 169
f 172 133 131
f 172 131 170
f 165 186 184
f 165 184 167
f 185 187 166
f 185 166 168
f 130 169 167
f 130 167 184
f 168 170 131
f 168 131 185
f 143 189 188
f 143 188 186
f 188 189 144
f 188 144 187
f 184 186 188
f 184 188 68
f 188 187 185
f 188 185 68
f 129 130 184
f 129 184 68
f 185 131 129
f 185 129 68
f 141 192 190
f 141 190 143
f 191 193 142
f 191 142 144
f 139 194 192
f 139 192 141
f 193 195 140
f 193 140 142
f 138 196 194
f 138 194 139
f 195 197 138
f 195 138 140
f 137 70 196
f 137 196 138
f 197 70 137
f 197 137 138
f 189 143 190
f 189 190 69
f 191 144 189
f 191 189 69
f 69 190 205
f 69 205 207
f 206 191 69
f 206 69 207
f 70 198 199
f 70 199 196
f 200 198 70
f 200 70 197
f 196 199 201
f 196 201 194
f 202 200 197
f 202 197 195
f 194 201 203
f 194 203 192
f 204 202 195
f 204 195 193
f 192 203 205
f 192 205 190
f 206 204 193
f 206 193 191
f 198 203 201
f 198 201 199
f 202 204 198
f 202 198 200
f 198 207 205
f 198 205 203
f 206 207 198
f 206 198 204
f 138 139 163
f 138 163 176
f 164 140 138
f 164 138 176
f 139 141 163
f 141 210 163
f 211 142 164
f 142 140 164
f 141 143 212
f 141 212 210
f 213 144 142
f 213 142 211
f 143 186 165
f 143 165 212
f 166 187 144
f 166 144 213
f 80 208 212
f 80 212 165
f 213 209 81
f 213 81 166
f 208 214 210
f 208 210 212
f 211 215 209
f 211 209 213
f 78 163 210
f 78 210 214
f 211 164 79
f 211 79 215
f 130 129 71
f 130 71 221
f 71 129 131
f 71 131 222
f 132 130 221
f 132 221 219
f 222 131 133
f 222 133 220
f 134 132 219
f 134 219 217
f 220 133 135
f 220 135 218
f 136 134 217
f 136 217 216
f 218 135 136
f 218 136 216
f 216 217 228
f 216 228 230
f 229 218 216
f 229 216 230
f 217 219 226
f 217 226 228
f 227 220 218
f 227 218 229
f 219 221 224
f 219 224 226
f 225 222 220
f 225 220 227
f 221 71 223
f 221 223 224
f 223 71 222
f 223 222 225
f 223 230 228
f 223 228 224
f 229 230 223
f 229 223 225
f 224 228 226
f 227 229 225
f 182 180 233
f 182 233 231
f 234 181 183
f 234 183 232
f 111 182 231
f 111 231 253
f 232 183 112
f 232 112 254
f 109 111 253
f 109 253 255
f 254 112 110
f 254 110 256
f 180 113 251
f 180 251 233
f 252 114 181
f 252 181 234
f 113 115 249
f 113 249 251
f 250 116 114
f 250 114 252
f 115 117 247
f 115 247 249
f 248 118 116
f 248 116 250
f 117 119 245
f 117 245 247
f 246 120 118
f 246 118 248
f 119 121 243
f 119 243 245
f 244 122 120
f 244 120 246
f 121 123 241
f 121 241 243
f 242 124 122
f 242 122 244
f 123 125 239
f 123 239 241
f 240 126 124
f 240 124 242
f 125 178 235
f 125 235 239
f 236 179 126
f 236 126 240
f 178 127 237
f 178 237 235
f 238 128 179
f 238 179 236
f 127 109 255
f 127 255 237
f 256 110 128
f 256 128 238
f 237 255 257
f 237 257 275
f 258 256 238
f 258 238 276
f 235 237 275
f 235 275 277
f 276 238 236
f 276 236 278
f 239 235 277
f 239 277 273
f 278 236 240
f 278 240 274
f 241 239 273
f 241 273 271
f 274 240 242
f 274 242 272
f 243 241 271
f 243 271 269
f 272 242 244
f 272 244 270
f 245 243 269
f 245 269 267
f 270 244 246
f 270 246 268
f 247 245 267
f 247 267 265
f 268 246 248
f 268 248 266
f 249 247 265
f 249 265 263
f 266 248 250
f 266 250 264
f 251 249 263
f 251 263 261
f 264 250 252
f 264 252 262
f 233 251 261
f 233 261 279
f 262 252 234
f 262 234 280
f 255 253 259
f 255 259 257
f 260 254 256
f 260 256 258
f 253 231 281
f 253 281 259
f 282 232 254
f 282 254 260
f 231 233 279
f 231 279 281
f 280 234 232
f 280 232 282
f 66 107 283
f 66 283 72
f 284 108 66
f 284 66 72
f 107 105 285
f 107 285 283
f 286 106 108
f 286 108 284
f 105 103 287
f 105 287 285
f 288 104 106
f 288 106 286
f 103 101 289
f 103 289 287
f 290 102 104
f 290 104 288
f 101 99 291
f 101 291 289
f 292 100 102
f 292 102 290
f 99 97 293
f 99 293 291
f 294 98 100
f 294 100 292
f 97 95 295
f 97 295 293
f 296 96 98
f 296 98 294
f 95 93 297
f 95 297 295
f 298 94 96
f 298 96 296
f 93 91 299
f 93 299 297
f 300 92 94
f 300 94 298
f 307 308 327
f 307 327 337
f 328 308 307
f 328 307 338
f 306 307 337
f 306 337 335
f 338 307 306
f 338 306 336
f 305 306 335
f 305 335 339
f 336 306 305
f 336 305 340
f 88 90 305
f 88 305 339
f 305 90 89
f 305 89 340
f 86 88 339
f 86 339 333
f 340 89 87
f 340 87 334
f 84 86 333
f 84 333 329
f 334 87 85
f 334 85 330
f 82 84 329
f 82 329 331
f 330 85 83
f 330 83 332
f 329 335 337
f 329 337 331
f 338 336 330
f 338 330 332
f 329 333 339
f 329 339 335
f 340 334 330
f 340 330 336
f 325 331 337
f 325 337 327
f 338 332 326
f 338 326 328
f 80 82 331
f 80 331 325
f 332 83 81
f 332 81 326
f 208 341 343
f 208 343 214
f 344 342 209
f 344 209 215
f 80 325 341
f 80 341 208
f 342 326 81
f 342 81 209
f 78 214 343
f 78 343 345
f 344 215 79
f 344 79 346
f 78 345 299
f 78 299 91
f 300 346 79
f 300 79 92
f 76 323 351
f 76 351 303
f 352 324 76
f 352 76 303
f 303 351 349
f 303 349 77
f 350 352 303
f 350 303 77
f 77 349 347
f 77 347 304
f 348 350 77
f 348 77 304
f 304 347 327
f 304 327 308
f 328 348 304
f 328 304 308
f 325 327 347
f 325 347 341
f 348 328 326
f 348 326 342
f 295 297 317
f 295 317 309
f 318 298 296
f 318 296 310
f 75 315 323
f 75 323 76
f 324 316 75
f 324 75 76
f 301 357 355
f 301 355 302
f 356 358 301
f 356 301 302
f 302 355 353
f 302 353 74
f 354 356 302
f 354 302 74
f 74 353 315
f 74 315 75
f 316 354 74
f 316 74 75
f 291 293 361
f 291 361 363
f 362 294 292
f 362 292 364
f 363 361 367
f 363 367 365
f 368 362 364
f 368 364 366
f 365 367 369
f 365 369 371
f 370 368 366
f 370 366 372
f 371 369 375
f 371 375 373
f 376 370 372
f 376 372 374
f 313 377 373
f 313 373 375
f 374 378 314
f 374 314 376
f 315 353 373
f 315 373 377
f 374 354 316
f 374 316 378
f 353 355 371
f 353 371 373
f 372 356 354
f 372 354 374
f 355 357 365
f 355 365 371
f 366 358 356
f 366 356 372
f 357 359 363
f 357 363 365
f 364 360 358
f 364 358 366
f 289 291 363
f 289 363 359
f 364 292 290
f 364 290 360
f 73 359 357
f 73 357 301
f 358 360 73
f 358 73 301
f 283 285 287
f 283 287 289
f 288 286 284
f 288 284 290
f 283 289 359
f 283 359 73
f 360 290 284
f 360 284 73
f 72 283 73
f 73 284 72
f 293 295 309
f 293 309 361
f 310 296 294
f 310 294 362
f 309 311 367
f 309 367 361
f 368 312 310
f 368 310 362
f 311 381 369
f 311 369 367
f 370 382 312
f 370 312 368
f 313 375 369
f 313 369 381
f 370 376 314
f 370 314 382
f 347 349 385
f 347 385 383
f 386 350 348
f 386 348 384
f 317 383 385
f 317 385 319
f 386 384 318
f 386 318 320
f 297 299 383
f 297 383 317
f 384 300 298
f 384 298 318
f 299 343 341
f 299 341 383
f 342 344 300
f 342 300 384
f 341 347 383
f 384 348 342
f 299 345 343
f 344 346 300
f 313 321 379
f 313 379 377
f 380 322 314
f 380 314 378
f 315 377 379
f 315 379 323
f 380 378 316
f 380 316 324
f 319 385 379
f 319 379 321
f 380 386 320
f 380 320 322
f 349 351 379
f 349 379 385
f 380 352 350
f 380 350 386
f 323 379 351
f 352 380 324
f 399 387 413
f 399 413 401
f 414 388 400
f 414 400 402
f 399 401 403
f 399 403 397
f 404 402 400
f 404 400 398
f 397 403 405
f 397 405 395
f 406 404 398
f 406 398 396
f 395 405 407
f 395 407 393
f 408 406 396
f 408 396 394
f 393 407 409
f 393 409 391
f 410 408 394
f 410 394 392
f 391 409 411
f 391 411 389
f 412 410 392
f 412 392 390
f 409 419 417
f 409 417 411
f 418 420 410
f 418 410 412
f 407 421 419
f 407 419 409
f 420 422 408
f 420 408 410
f 405 423 421
f 405 421 407
f 422 424 406
f 422 406 408
f 403 425 423
f 403 423 405
f 424 426 404
f 424 404 406
f 401 427 425
f 401 425 403
f 426 428 402
f 426 402 404
f 401 413 415
f 401 415 427
f 416 414 402
f 416 402 428
f 317 319 443
f 317 443 441
f 444 320 318
f 444 318 442
f 319 389 411
f 319 411 443
f 412 390 320
f 412 320 444
f 309 317 441
f 309 441 311
f 442 318 310
f 442 310 312
f 381 429 413
f 381 413 387
f 414 430 382
f 414 382 388
f 411 417 439
f 411 439 443
f 440 418 412
f 440 412 444
f 437 445 443
f 437 443 439
f 444 446 438
f 444 438 440
f 433 445 437
f 433 437 435
f 438 446 434
f 438 434 436
f 431 447 445
f 431 445 433
f 446 448 432
f 446 432 434
f 429 447 431
f 429 431 449
f 432 448 430
f 432 430 450
f 413 429 449
f 413 449 415
f 450 430 414
f 450 414 416
f 311 447 429
f 311 429 381
f 430 448 312
f 430 312 382
f 311 441 445
f 311 445 447
f 446 442 312
f 446 312 448
f 441 443 445
f 446 444 442
f 415 449 451
f 415 451 475
f 452 450 416
f 452 416 476
f 449 431 461
f 449 461 451
f 462 432 450
f 462 450 452
f 431 433 459
f 431 459 461
f 460 434 432
f 460 432 462
f 433 435 457
f 433 457 459
f 458 436 434
f 458 434 460
f 435 437 455
f 435 455 457
f 456 438 436
f 456 436 458
f 437 439 453
f 437 453 455
f 454 440 438
f 454 438 456
f 439 417 473
f 439 473 453
f 474 418 440
f 474 440 454
f 427 415 475
f 427 475 463
f 476 416 428
f 476 428 464
f 425 427 463
f 425 463 465
f 464 428 426
f 464 426 466
f 423 425 465
f 423 465 467
f 466 426 424
f 466 424 468
f 421 423 467
f 421 467 469
f 468 424 422
f 468 422 470
f 419 421 469
f 419 469 471
f 470 422 420
f 470 420 472
f 417 419 471
f 417 471 473
f 472 420 418
f 472 418 474
f 457 455 479
f 457 479 477
f 480 456 458
f 480 458 478
f 477 479 481
f 477 481 483
f 482 480 478
f 482 478 484
f 483 481 487
f 483 487 485
f 488 482 484
f 488 484 486
f 485 487 489
f 485 489 491
f 490 488 486
f 490 486 492
f 463 475 485
f 463 485 491
f 486 476 464
f 486 464 492
f 451 483 485
f 451 485 475
f 486 484 452
f 486 452 476
f 451 461 477
f 451 477 483
f 478 462 452
f 478 452 484
f 457 477 461
f 457 461 459
f 462 478 458
f 462 458 460
f 453 473 455
f 473 479 455
f 480 474 456
f 474 454 456
f 471 481 479
f 471 479 473
f 480 482 472
f 480 472 474
f 469 487 481
f 469 481 471
f 482 488 470
f 482 470 472
f 467 489 487
f 467 487 469
f 488 490 468
f 488 468 470
f 465 491 489
f 465 489 467
f 490 492 466
f 490 466 468
f 463 491 465
f 466 492 464
f 391 389 503
f 391 503 501
f 504 390 392
f 504 392 502
f 393 391 501
f 393 501 499
f 502 392 394
f 502 394 500
f 395 393 499
f 395 499 497
f 500 394 396
f 500 396 498
f 397 395 497
f 397 497 495
f 498 396 398
f 498 398 496
f 399 397 495
f 399 495 493
f 496 398 400
f 496 400 494
f 387 399 493
f 387 493 505
f 494 400 388
f 494 388 506
f 493 501 503
f 493 503 505
f 504 502 494
f 504 494 506
f 493 495 499
f 493 499 501
f 500 496 494
f 500 494 502
f 495 497 499
f 500 498 496
f 313 381 387
f 313 387 505
f 388 382 314
f 388 314 506
f 313 505 503
f 313 503 321
f 504 506 314
f 504 314 322
f 319 321 503
f 319 503 389
f 504 322 320
f 504 320 390
