Vertices: 48
v 1.0 -5.156527996063232 1.0
v 1.0 -5.156527996063232 -1.0
v 0.48207953572273254 -7.427801609039307 0.1775963008403778
v 0.46055954694747925 -7.44056510925293 -0.7303882837295532
v -1.0 -5.156527996063232 -1.0
v -0.46055954694747925 -7.44056510925293 0.19073078036308289
v -0.46055954694747925 -7.44056510925293 -0.7303882837295532
v 1.0 10.421920776367188 -1.0
v -1.0 10.421920776367188 -1.0
v 1.0 10.421920776367188 1.0
v -1.0 10.421920776367188 1.0
v 0.6797372102737427 11.174173355102539 -0.6797372102737427
v -0.6797372102737427 11.174173355102539 -0.6797372102737427
v 0.6797372102737427 11.174173355102539 0.6797372102737427
v -0.6797372102737427 11.174173355102539 0.6797372102737427
v 1.0 3.7792861461639404 -1.0
v 1.0 3.7792856693267822 1.0
v -1.0 3.7792856693267822 -1.0
v 6.779598236083984 10.0945463180542 0.7271395325660706
v 6.779598236083984 10.0945463180542 -0.7271395325660706
v 6.779598236083984 5.264423370361328 -0.7271395325660706
v 6.779598236083984 5.264423370361328 0.7271395325660706
v 7.885101318359375 10.0945463180542 0.7271395325660706
v 7.885101318359375 10.0945463180542 -0.7271395325660706
v 7.885101318359375 5.264423370361328 -0.7271395325660706
v 7.885101318359375 5.264423370361328 0.7271395325660706
v 6.999614238739014 0.4200754165649414 -0.8911657929420471
v 6.999614238739014 0.4200754165649414 -0.01574484258890152
v 7.665085315704346 0.4200754165649414 -0.8911657929420471
v 7.665085315704346 0.4200754165649414 -0.01574484258890152
v -1.0 -5.156527996063232 1.0
v -1.0 -5.156527996063232 -1.0
v -1.0 10.421920776367188 1.0
v -1.0 3.7792856693267822 1.0
v -6.779598236083984 10.0945463180542 0.7271395325660706
v -6.779598236083984 10.0945463180542 -0.7271395325660706
v -6.779598236083984 5.264423370361328 -0.7271395325660706
v -6.779598236083984 5.264423370361328 0.7271395325660706
v -7.885101318359375 10.0945463180542 0.7271395325660706
v -7.885101318359375 10.0945463180542 -0.7271395325660706
v -7.885101318359375 5.264423370361328 -0.7271395325660706
v -7.885101318359375 5.264423370361328 0.7271395325660706
v -6.999614238739014 0.4200754165649414 -0.8911657929420471
v -6.999614238739014 0.4200754165649414 -0.01574484258890152
v -7.665085315704346 0.4200754165649414 -0.8911657929420471
v -7.665085315704346 0.4200754165649414 -0.01574484258890152
v 1.0 3.7792861461639404 1.0
v 1.2427901029586792 4.273107051849365 -0.5029404163360596
Faces: 87
f 3 2 5
f 3 5 6
f 4 1 3
f 4 3 6
f 1 0 2
f 1 2 3
f 9 16 21
f 9 21 18
f 10 9 13
f 10 13 14
f 15 17 8
f 15 8 7
f 12 14 13
f 12 13 11
f 9 7 11
f 9 11 13
f 8 10 14
f 8 14 12
f 7 8 12
f 7 12 11
f 1 4 17
f 1 17 15
f 18 21 25
f 18 25 22
f 15 7 19
f 15 19 20
f 7 9 18
f 7 18 19
f 16 15 20
f 16 20 21
f 25 24 23
f 25 23 22
f 19 18 22
f 19 22 23
f 20 24 28
f 20 28 26
f 20 19 23
f 20 23 24
f 27 26 28
f 27 28 29
f 24 25 29
f 24 29 28
f 21 20 26
f 21 26 27
f 25 21 27
f 25 27 29
f 31 6 5
f 31 5 30
f 32 34 37
f 32 37 33
f 5 2 0
f 5 0 30
f 34 38 41
f 34 41 37
f 41 38 39
f 41 39 40
f 35 39 38
f 35 38 34
f 36 42 44
f 36 44 40
f 36 40 39
f 36 39 35
f 43 45 44
f 43 44 42
f 40 44 45
f 40 45 41
f 37 43 42
f 37 42 36
f 41 45 43
f 41 43 37
f 30 0 46
f 30 46 33
f 8 17 36
f 8 36 35
f 36 17 33
f 36 33 37
f 31 30 33
f 31 33 17
f 35 34 32
f 35 32 8
f 9 10 32
f 32 33 46
f 9 32 46
f 46 16 9
f 0 1 15
f 0 15 16
f 0 16 46
