Vértices: 482
v 0.0 0.5555702447891235 0.8314695954322815
v 0.0 0.8314695954322815 0.5555702447891235
v 0.0 0.9807852506637573 0.19509032368659973
v 0.0 1.0 0.0
v 0.0 0.9807852506637573 -0.19509032368659973
v 0.0 0.8314695954322815 -0.5555702447891235
v 0.03806023299694061 0.19134171307086945 0.9807852506637573
v 0.07465784251689911 0.3753302991390228 0.9238795042037964
v 0.10838638246059418 0.5448951125144958 0.8314695954322815
v 0.13794969022274017 0.6935198903083801 0.7071067690849304
v 0.16221167147159576 0.815493106842041 0.5555702447891235
v 0.1802399456501007 0.906127393245697 0.3826834559440613
v 0.19134171307086945 0.9619396924972534 0.19509032368659973
v 0.19509032368659973 0.9807852506637573 0.0
v 0.19134171307086945 0.9619396924972534 -0.19509032368659973
v 0.1802399456501007 0.906127393245697 -0.3826834559440613
v 0.16221167147159576 0.815493106842041 -0.5555702447891235
v 0.13794969022274017 0.6935198903083801 -0.7071067690849304
v 0.10838638246059418 0.5448951125144958 -0.8314695954322815
v 0.07465784251689911 0.3753302991390228 -0.9238795042037964
v 0.03806023299694061 0.19134171307086945 -0.9807852506637573
v 0.07465782761573792 0.1802399456501007 0.9807852506637573
v 0.1464466154575348 0.3535534143447876 0.9238795042037964
v 0.21260753273963928 0.513279914855957 0.8314695954322815
v 0.27059805393218994 0.6532814502716064 0.7071067690849304
v 0.3181896209716797 0.7681776285171509 0.5555702447891235
v 0.3535533547401428 0.8535533547401428 0.3826834559440613
v 0.37533026933670044 0.906127393245697 0.19509032368659973
v 0.3826834261417389 0.9238794445991516 0.0
v 0.37533026933670044 0.906127393245697 -0.19509032368659973
v 0.3535533547401428 0.8535533547401428 -0.3826834559440613
v 0.3181896209716797 0.7681776285171509 -0.5555702447891235
v 0.27059805393218994 0.6532814502716064 -0.7071067690849304
v 0.21260753273963928 0.513279914855957 -0.8314695954322815
v 0.1464466154575348 0.3535534143447876 -0.9238795042037964
v 0.07465782761573792 0.1802399456501007 -0.9807852506637573
v 0.10838636755943298 0.16221165657043457 0.9807852506637573
v 0.21260753273963928 0.3181896507740021 0.9238795042037964
v 0.30865827202796936 0.4619396924972534 0.8314695954322815
v 0.39284747838974 0.5879377722740173 0.7071067690849304
v 0.4619396924972534 0.6913415789604187 0.5555702447891235
v 0.513279914855957 0.7681776881217957 0.3826834559440613
v 0.5448951125144958 0.815493106842041 0.19509032368659973
v 0.5555702447891235 0.8314694762229919 0.0
v 0.5448951125144958 0.815493106842041 -0.19509032368659973
v 0.513279914855957 0.7681776881217957 -0.3826834559440613
v 0.4619396924972534 0.6913415789604187 -0.5555702447891235
v 0.39284747838974 0.5879377722740173 -0.7071067690849304
v 0.30865827202796936 0.4619396924972534 -0.8314695954322815
v 0.21260753273963928 0.3181896507740021 -0.9238795042037964
v 0.10838636755943298 0.16221165657043457 -0.9807852506637573
v 0.13794967532157898 0.13794966042041779 0.9807852506637573
v 0.27059805393218994 0.27059802412986755 0.9238795042037964
v 0.3928474485874176 0.3928473889827728 0.8314695954322815
v 0.5 0.5 0.7071067690849304
v 0.5879377126693726 0.5879376530647278 0.5555702447891235
v 0.6532813906669617 0.6532814502716064 0.3826834559440613
v 0.6935198903083801 0.6935198307037354 0.19509032368659973
v 0.7071067690849304 0.7071065902709961 0.0
v 0.6935198903083801 0.6935198307037354 -0.19509032368659973
v 0.6532813906669617 0.6532814502716064 -0.3826834559440613
v 0.5879377126693726 0.5879376530647278 -0.5555702447891235
v 0.5 0.5 -0.7071067690849304
v 0.3928474485874176 0.3928473889827728 -0.8314695954322815
v 0.27059805393218994 0.27059802412986755 -0.9238795042037964
v 0.13794967532157898 0.13794966042041779 -0.9807852506637573
v 0.16221165657043457 0.10838635265827179 0.9807852506637573
v 0.3181896507740021 0.2126075029373169 0.9238795042037964
v 0.4619397222995758 0.3086582124233246 0.8314695954322815
v 0.5879377722740173 0.39284747838974 0.7071067690849304
v 0.6913416385650635 0.46193963289260864 0.5555702447891235
v 0.7681776285171509 0.5132799744606018 0.3826834559440613
v 0.815493106842041 0.5448949933052063 0.19509032368659973
v 0.8314695358276367 0.5555700063705444 0.0
v 0.815493106842041 0.5448949933052063 -0.19509032368659973
v 0.7681776285171509 0.5132799744606018 -0.3826834559440613
v 0.6913416385650635 0.46193963289260864 -0.5555702447891235
v 0.5879377722740173 0.39284747838974 -0.7071067690849304
v 0.4619397222995758 0.3086582124233246 -0.8314695954322815
v 0.3181896507740021 0.2126075029373169 -0.9238795042037964
v 0.16221165657043457 0.10838635265827179 -0.9807852506637573
v 0.0 0.0 1.0
v 0.18023991584777832 0.07465781271457672 0.9807852506637573
v 0.3535533547401428 0.1464465856552124 0.9238795042037964
v 0.513279914855957 0.2126074582338333 0.8314695954322815
v 0.6532814502716064 0.27059805393218994 0.7071067690849304
v 0.7681776285171509 0.31818950176239014 0.5555702447891235
v 0.853553295135498 0.3535534143447876 0.3826834559440613
v 0.9061273336410522 0.3753301501274109 0.19509032368659973
v 0.9238793849945068 0.3826832175254822 0.0
v 0.9061273336410522 0.3753301501274109 -0.19509032368659973
v 0.853553295135498 0.3535534143447876 -0.3826834559440613
v 0.7681776285171509 0.31818950176239014 -0.5555702447891235
v 0.6532814502716064 0.27059805393218994 -0.7071067690849304
v 0.513279914855957 0.2126074582338333 -0.8314695954322815
v 0.3535533547401428 0.1464465856552124 -0.9238795042037964
v 0.18023991584777832 0.07465781271457672 -0.9807852506637573
v 0.19134166836738586 0.03806021437048912 0.9807852506637573
v 0.37533023953437805 0.07465781271457672 0.9238795042037964
v 0.5448950529098511 0.1083863154053688 0.8314695954322815
v 0.6935198903083801 0.13794970512390137 0.7071067690849304
v 0.8154929876327515 0.1622115671634674 0.5555702447891235
v 0.9061273336410522 0.1802399903535843 0.3826834559440613
v 0.9619396328926086 0.1913416087627411 0.19509032368659973
v 0.980785071849823 0.1950901299715042 0.0
v 0.9619396328926086 0.1913416087627411 -0.19509032368659973
v 0.9061273336410522 0.1802399903535843 -0.3826834559440613
v 0.8154929876327515 0.1622115671634674 -0.5555702447891235
v 0.6935198903083801 0.13794970512390137 -0.7071067690849304
v 0.5448950529098511 0.1083863154053688 -0.8314695954322815
v 0.37533023953437805 0.07465781271457672 -0.9238795042037964
v 0.19134166836738586 0.03806021437048912 -0.9807852506637573
v 0.19509026408195496 -1.1175870895385742e-08 0.9807852506637573
v 0.3826833963394165 -2.2351741790771484e-08 0.9238795042037964
v 0.555570125579834 -5.21540641784668e-08 0.8314695954322815
v 0.7071067094802856 1.4901161193847656e-08 0.7071067690849304
v 0.8314694166183472 -8.940696716308594e-08 0.5555702447891235
v 0.9238794445991516 4.470348358154297e-08 0.3826834559440613
v 0.9807851314544678 -8.940696716308594e-08 0.19509032368659973
v 0.9999997019767761 -1.6391277313232422e-07 0.0
v 0.9807851314544678 -8.940696716308594e-08 -0.19509032368659973
v 0.9238794445991516 4.470348358154297e-08 -0.3826834559440613
v 0.8314694166183472 -8.940696716308594e-08 -0.5555702447891235
v 0.7071067094802856 1.4901161193847656e-08 -0.7071067690849304
v 0.555570125579834 -5.21540641784668e-08 -0.8314695954322815
v 0.3826833963394165 -2.2351741790771484e-08 -0.9238795042037964
v 0.19509026408195496 -1.1175870895385742e-08 -0.9807852506637573
v 0.19134165346622467 -0.03806023299694061 0.9807852506637573
v 0.37533023953437805 -0.0746578499674797 0.9238795042037964
v 0.5448949933052063 -0.10838640481233597 0.8314695954322815
v 0.6935198307037354 -0.13794966042041779 0.7071067690849304
v 0.8154929280281067 -0.16221173107624054 0.5555702447891235
v 0.9061273336410522 -0.18023990094661713 0.3826834559440613
v 0.9619395732879639 -0.19134177267551422 0.19509032368659973
v 0.9807848930358887 -0.1950904279947281 0.0
v 0.9619395732879639 -0.19134177267551422 -0.19509032368659973
v 0.9061273336410522 -0.18023990094661713 -0.3826834559440613
v 0.8154929280281067 -0.16221173107624054 -0.5555702447891235
v 0.6935198307037354 -0.13794966042041779 -0.7071067690849304
v 0.5448949933052063 -0.10838640481233597 -0.8314695954322815
v 0.37533023953437805 -0.0746578499674797 -0.9238795042037964
v 0.19134165346622467 -0.03806023299694061 -0.9807852506637573
v 0.18023988604545593 -0.07465782016515732 0.9807852506637573
v 0.3535533547401428 -0.1464466154575348 0.9238795042037964
v 0.5132797956466675 -0.21260753273963928 0.8314695954322815
v 0.6532813906669617 -0.27059799432754517 0.7071067690849304
v 0.7681775093078613 -0.3181896507740021 0.5555702447891235
v 0.853553295135498 -0.35355329513549805 0.3826834559440613
v 0.9061272144317627 -0.3753302991390228 0.19509032368659973
v 0.923879086971283 -0.3826834559440613 0.0
v 0.9061272144317627 -0.3753302991390228 -0.19509032368659973
v 0.853553295135498 -0.35355329513549805 -0.3826834559440613
v 0.7681775093078613 -0.3181896507740021 -0.5555702447891235
v 0.6532813906669617 -0.27059799432754517 -0.7071067690849304
v 0.5132797956466675 -0.21260753273963928 -0.8314695954322815
v 0.3535533547401428 -0.1464466154575348 -0.9238795042037964
v 0.18023988604545593 -0.07465782016515732 -0.9807852506637573
v 0.1622115969657898 -0.1083863377571106 0.9807852506637573
v 0.3181895911693573 -0.2126075178384781 0.9238795042037964
v 0.46193957328796387 -0.308658242225647 0.8314695954322815
v 0.5879377126693726 -0.3928474187850952 0.7071067690849304
v 0.6913414597511292 -0.4619396924972534 0.5555702447891235
v 0.7681776285171509 -0.5132798552513123 0.3826834559440613
v 0.8154929280281067 -0.5448950529098511 0.19509032368659973
v 0.8314691185951233 -0.5555701851844788 0.0
v 0.8154929280281067 -0.5448950529098511 -0.19509032368659973
v 0.7681776285171509 -0.5132798552513123 -0.3826834559440613
v 0.6913414597511292 -0.4619396924972534 -0.5555702447891235
v 0.5879377126693726 -0.3928474187850952 -0.7071067690849304
v 0.46193957328796387 -0.308658242225647 -0.8314695954322815
v 0.3181895911693573 -0.2126075178384781 -0.9238795042037964
v 0.1622115969657898 -0.1083863377571106 -0.9807852506637573
v 0.1379496157169342 -0.1379496306180954 0.9807852506637573
v 0.2705979645252228 -0.27059802412986755 0.9238795042037964
v 0.3928472697734833 -0.3928474187850952 0.8314695954322815
v 0.4999999403953552 -0.4999999403953552 0.7071067690849304
v 0.5879375338554382 -0.5879376530647278 0.5555702447891235
v 0.6532813906669617 -0.6532813310623169 0.3826834559440613
v 0.6935197114944458 -0.6935198307037354 0.19509032368659973
v 0.7071062326431274 -0.7071066498756409 0.0
v 0.6935197114944458 -0.6935198307037354 -0.19509032368659973
v 0.6532813906669617 -0.6532813310623169 -0.3826834559440613
v 0.5879375338554382 -0.5879376530647278 -0.5555702447891235
v 0.4999999403953552 -0.4999999403953552 -0.7071067690849304
v 0.3928472697734833 -0.3928474187850952 -0.8314695954322815
v 0.2705979645252228 -0.27059802412986755 -0.9238795042037964
v 0.1379496157169342 -0.1379496306180954 -0.9807852506637573
v 0.1083863154053688 -0.1622115969657898 0.9807852506637573
v 0.21260744333267212 -0.3181896209716797 0.9238795042037964
v 0.30865809321403503 -0.46193966269493103 0.8314695954322815
v 0.3928474187850952 -0.5879377126693726 0.7071067690849304
v 0.4619395434856415 -0.6913415193557739 0.5555702447891235
v 0.513279914855957 -0.7681775689125061 0.3826834559440613
v 0.5448948740959167 -0.8154929876327515 0.19509032368659973
v 0.5555697083473206 -0.8314693570137024 0.0
v 0.5448948740959167 -0.8154929876327515 -0.19509032368659973
v 0.513279914855957 -0.7681775689125061 -0.3826834559440613
v 0.4619395434856415 -0.6913415193557739 -0.5555702447891235
v 0.3928474187850952 -0.5879377126693726 -0.7071067690849304
v 0.30865809321403503 -0.46193966269493103 -0.8314695954322815
v 0.21260744333267212 -0.3181896209716797 -0.9238795042037964
v 0.1083863154053688 -0.1622115969657898 -0.9807852506637573
v 0.07465778291225433 -0.18023985624313354 0.9807852506637573
v 0.14644652605056763 -0.35355332493782043 0.9238795042037964
v 0.21260735392570496 -0.5132797956466675 0.8314695954322815
v 0.27059799432754517 -0.6532813906669617 0.7071067690849304
v 0.31818944215774536 -0.7681775093078613 0.5555702447891235
v 0.3535533547401428 -0.8535531759262085 0.3826834559440613
v 0.37533003091812134 -0.9061272144317627 0.19509032368659973
v 0.3826829493045807 -0.9238791465759277 0.0
v 0.37533003091812134 -0.9061272144317627 -0.19509032368659973
v 0.3535533547401428 -0.8535531759262085 -0.3826834559440613
v 0.31818944215774536 -0.7681775093078613 -0.5555702447891235
v 0.27059799432754517 -0.6532813906669617 -0.7071067690849304
v 0.21260735392570496 -0.5132797956466675 -0.8314695954322815
v 0.14644652605056763 -0.35355332493782043 -0.9238795042037964
v 0.07465778291225433 -0.18023985624313354 -0.9807852506637573
v 0.038060203194618225 -0.1913415938615799 0.9807852506637573
v 0.07465776056051254 -0.3753301799297333 0.9238795042037964
v 0.10838623344898224 -0.5448948740959167 0.8314695954322815
v 0.13794966042041779 -0.6935198307037354 0.7071067690849304
v 0.16221152245998383 -0.8154928684234619 0.5555702447891235
v 0.1802399456501007 -0.9061272144317627 0.3826834559440613
v 0.19134151935577393 -0.9619394540786743 0.19509032368659973
v 0.1950899064540863 -0.9807847738265991 0.0
v 0.19134151935577393 -0.9619394540786743 -0.19509032368659973
v 0.1802399456501007 -0.9061272144317627 -0.3826834559440613
v 0.16221152245998383 -0.8154928684234619 -0.5555702447891235
v 0.13794966042041779 -0.6935198307037354 -0.7071067690849304
v 0.10838623344898224 -0.5448948740959167 -0.8314695954322815
v 0.07465776056051254 -0.3753301799297333 -0.9238795042037964
v 0.038060203194618225 -0.1913415938615799 -0.9807852506637573
v -7.450580596923828e-09 -0.195090189576149 0.9807852506637573
v -5.21540641784668e-08 -0.38268333673477173 0.9238795042037964
v -9.685754776000977e-08 -0.5555699467658997 0.8314695954322815
v -1.4901161193847656e-08 -0.7071066498756409 0.7071067690849304
v -1.043081283569336e-07 -0.8314692974090576 0.5555702447891235
v 2.9802322387695312e-08 -0.9238792657852173 0.3826834559440613
v -1.341104507446289e-07 -0.9807849526405334 0.19509032368659973
v -3.2782554626464844e-07 -0.9999993443489075 0.0
v -1.341104507446289e-07 -0.9807849526405334 -0.19509032368659973
v 2.9802322387695312e-08 -0.9238792657852173 -0.3826834559440613
v -1.043081283569336e-07 -0.8314692974090576 -0.5555702447891235
v -1.4901161193847656e-08 -0.7071066498756409 -0.7071067690849304
v -9.685754776000977e-08 -0.5555699467658997 -0.8314695954322815
v -5.21540641784668e-08 -0.38268333673477173 -0.9238795042037964
v -7.450580596923828e-09 -0.195090189576149 -0.9807852506637573
v -0.03806021437048912 -0.1913415789604187 0.9807852506637573
v -0.0746578648686409 -0.3753301799297333 0.9238795042037964
v -0.10838641971349716 -0.544894814491272 0.8314695954322815
v -0.13794967532157898 -0.6935197710990906 0.7071067690849304
v -0.16221171617507935 -0.8154928088188171 0.5555702447891235
v -0.18023987114429474 -0.9061271548271179 0.3826834559440613
v -0.19134178757667542 -0.9619393944740295 0.19509032368659973
v -0.19509051740169525 -0.98078453540802 0.0
v -0.19134178757667542 -0.9619393944740295 -0.19509032368659973
v -0.18023987114429474 -0.9061271548271179 -0.3826834559440613
v -0.16221171617507935 -0.8154928088188171 -0.5555702447891235
v -0.13794967532157898 -0.6935197710990906 -0.7071067690849304
v -0.10838641971349716 -0.544894814491272 -0.8314695954322815
v -0.0746578648686409 -0.3753301799297333 -0.9238795042037964
v -0.03806021437048912 -0.1913415789604187 -0.9807852506637573
v -0.07465778291225433 -0.18023982644081116 0.9807852506637573
v -0.1464466154575348 -0.35355329513549805 0.9238795042037964
v -0.2126075029373169 -0.5132796168327332 0.8314695954322815
v -0.27059799432754517 -0.6532813310623169 0.7071067690849304
v -0.3181896209716797 -0.7681773900985718 0.5555702447891235
v -0.35355323553085327 -0.8535531163215637 0.3826834559440613
v -0.37533026933670044 -0.9061270356178284 0.19509032368659973
v -0.38268348574638367 -0.9238787293434143 0.0
v -0.37533026933670044 -0.9061270356178284 -0.19509032368659973
v -0.35355323553085327 -0.8535531163215637 -0.3826834559440613
v -0.3181896209716797 -0.7681773900985718 -0.5555702447891235
v -0.27059799432754517 -0.6532813310623169 -0.7071067690849304
v -0.2126075029373169 -0.5132796168327332 -0.8314695954322815
v -0.1464466154575348 -0.35355329513549805 -0.9238795042037964
v -0.07465778291225433 -0.18023982644081116 -0.9807852506637573
v -0.10838630050420761 -0.1622115522623062 0.9807852506637573
v -0.2126075029373169 -0.3181895315647125 0.9238795042037964
v -0.3086581826210022 -0.46193939447402954 0.8314695954322815
v -0.3928474187850952 -0.5879376530647278 0.7071067690849304
v -0.46193963289260864 -0.6913413405418396 0.5555702447891235
v -0.5132797360420227 -0.7681775093078613 0.3826834559440613
v -0.5448950529098511 -0.8154927492141724 0.19509032368659973
v -0.555570125579834 -0.8314687609672546 0.0
v -0.5448950529098511 -0.8154927492141724 -0.19509032368659973
v -0.5132797360420227 -0.7681775093078613 -0.3826834559440613
v -0.46193963289260864 -0.6913413405418396 -0.5555702447891235
v -0.3928474187850952 -0.5879376530647278 -0.7071067690849304
v -0.3086581826210022 -0.46193939447402954 -0.8314695954322815
v -0.2126075029373169 -0.3181895315647125 -0.9238795042037964
v -0.10838630050420761 -0.1622115522623062 -0.9807852506637573
v -0.13794958591461182 -0.13794957101345062 0.9807852506637573
v -0.27059799432754517 -0.2705979347229004 0.9238795042037964
v -0.39284729957580566 -0.39284712076187134 0.8314695954322815
v -0.49999991059303284 -0.49999988079071045 0.7071067690849304
v -0.587937593460083 -0.5879374146461487 0.5555702447891235
v -0.6532812118530273 -0.6532812714576721 0.3826834559440613
v -0.6935197710990906 -0.6935195326805115 0.19509032368659973
v -0.7071064710617065 -0.7071059346199036 0.0
v -0.6935197710990906 -0.6935195326805115 -0.19509032368659973
v -0.6532812118530273 -0.6532812714576721 -0.3826834559440613
v -0.587937593460083 -0.5879374146461487 -0.5555702447891235
v -0.49999991059303284 -0.49999988079071045 -0.7071067690849304
v -0.39284729957580566 -0.39284712076187134 -0.8314695954322815
v -0.27059799432754517 -0.2705979347229004 -0.9238795042037964
v -0.13794958591461182 -0.13794957101345062 -0.9807852506637573
v 0.0 0.0 -1.0
v -0.1622115522623062 -0.10838627815246582 0.9807852506637573
v -0.3181895613670349 -0.21260741353034973 0.9238795042037964
v -0.4619395136833191 -0.3086579442024231 0.8314695954322815
v -0.5879376530647278 -0.39284735918045044 0.7071067690849304
v -0.6913414597511292 -0.46193942427635193 0.5555702447891235
v -0.7681774497032166 -0.5132797956466675 0.3826834559440613
v -0.8154929280281067 -0.5448946952819824 0.19509032368659973
v -0.8314691185951233 -0.5555694103240967 0.0
v -0.8154929280281067 -0.5448946952819824 -0.19509032368659973
v -0.7681774497032166 -0.5132797956466675 -0.3826834559440613
v -0.6913414597511292 -0.46193942427635193 -0.5555702447891235
v -0.5879376530647278 -0.39284735918045044 -0.7071067690849304
v -0.4619395136833191 -0.3086579442024231 -0.8314695954322815
v -0.3181895613670349 -0.21260741353034973 -0.9238795042037964
v -0.1622115522623062 -0.10838627815246582 -0.9807852506637573
v -0.18023981153964996 -0.07465775310993195 0.9807852506637573
v -0.35355326533317566 -0.14644651114940643 0.9238795042037964
v -0.5132796168327332 -0.2126072347164154 0.8314695954322815
v -0.6532813310623169 -0.2705979645252228 0.7071067690849304
v -0.7681773900985718 -0.3181893229484558 0.5555702447891235
v -0.853553056716919 -0.35355326533317566 0.3826834559440613
v -0.9061271548271179 -0.3753298819065094 0.19509032368659973
v -0.9238788485527039 -0.3826826810836792 0.0
v -0.9061271548271179 -0.3753298819065094 -0.19509032368659973
v -0.853553056716919 -0.35355326533317566 -0.3826834559440613
v -0.7681773900985718 -0.3181893229484558 -0.5555702447891235
v -0.6532813310623169 -0.2705979645252228 -0.7071067690849304
v -0.5132796168327332 -0.2126072347164154 -0.8314695954322815
v -0.35355326533317566 -0.14644651114940643 -0.9238795042037964
v -0.18023981153964996 -0.07465775310993195 -0.9807852506637573
v -0.1913415491580963 -0.038060180842876434 0.9807852506637573
v -0.3753301203250885 -0.07465775310993195 0.9238795042037964
v -0.5448946952819824 -0.10838615149259567 0.8314695954322815
v -0.6935197710990906 -0.1379496306180954 0.7071067690849304
v -0.8154927492141724 -0.16221143305301666 0.5555702447891235
v -0.9061270952224731 -0.18023988604545593 0.3826834559440613
v -0.9619393944740295 -0.19134138524532318 0.19509032368659973
v -0.9807844161987305 -0.1950896978378296 0.0
v -0.9619393944740295 -0.19134138524532318 -0.19509032368659973
v -0.9061270952224731 -0.18023988604545593 -0.3826834559440613
v -0.8154927492141724 -0.16221143305301666 -0.5555702447891235
v -0.6935197710990906 -0.1379496306180954 -0.7071067690849304
v -0.5448946952819824 -0.10838615149259567 -0.8314695954322815
v -0.3753301203250885 -0.07465775310993195 -0.9238795042037964
v -0.1913415491580963 -0.038060180842876434 -0.9807852506637573
v -0.1950901448726654 1.862645149230957e-08 0.9807852506637573
v -0.38268324732780457 5.21540641784668e-08 0.9238795042037964
v -0.5555697679519653 1.4901161193847656e-07 0.8314695954322815
v -0.7071065902709961 2.9802322387695312e-08 0.7071067690849304
v -0.8314691781997681 1.6391277313232422e-07 0.5555702447891235
v -0.9238791465759277 1.4901161193847656e-08 0.3826834559440613
v -0.9807848334312439 2.682209014892578e-07 0.19509032368659973
v -0.9999990463256836 4.470348358154297e-07 0.0
v -0.9807848334312439 2.682209014892578e-07 -0.19509032368659973
v -0.9238791465759277 1.4901161193847656e-08 -0.3826834559440613
v -0.8314691781997681 1.6391277313232422e-07 -0.5555702447891235
v -0.7071065902709961 2.9802322387695312e-08 -0.7071067690849304
v -0.5555697679519653 1.4901161193847656e-07 -0.8314695954322815
v -0.38268324732780457 5.21540641784668e-08 -0.9238795042037964
v -0.1950901448726654 1.862645149230957e-08 -0.9807852506637573
v -0.19134153425693512 0.03806021809577942 0.9807852506637573
v -0.3753300905227661 0.0746578499674797 0.9238795042037964
v -0.5448946356773376 0.10838643461465836 0.8314695954322815
v -0.6935197114944458 0.13794969022274017 0.7071067690849304
v -0.8154926300048828 0.16221176087856293 0.5555702447891235
v -0.9061270356178284 0.18023990094661713 0.3826834559440613
v -0.9619392156600952 0.19134189188480377 0.19509032368659973
v -0.9807842373847961 0.19509057700634003 0.0
v -0.9619392156600952 0.19134189188480377 -0.19509032368659973
v -0.9061270356178284 0.18023990094661713 -0.3826834559440613
v -0.8154926300048828 0.16221176087856293 -0.5555702447891235
v -0.6935197114944458 0.13794969022274017 -0.7071067690849304
v -0.5448946356773376 0.10838643461465836 -0.8314695954322815
v -0.3753300905227661 0.0746578499674797 -0.9238795042037964
v -0.19134153425693512 0.03806021809577942 -0.9807852506637573
v -0.18023978173732758 0.07465778291225433 0.9807852506637573
v -0.3535532057285309 0.1464465856552124 0.9238795042037964
v -0.5132794380187988 0.2126074880361557 0.8314695954322815
v -0.6532812714576721 0.27059799432754517 0.7071067690849304
v -0.7681772112846375 0.3181896209716797 0.5555702447891235
v -0.8535529971122742 0.35355323553085327 0.3826834559440613
v -0.906126856803894 0.3753303289413452 0.19509032368659973
v -0.9238784313201904 0.38268348574638367 0.0
v -0.906126856803894 0.3753303289413452 -0.19509032368659973
v -0.8535529971122742 0.35355323553085327 -0.3826834559440613
v -0.7681772112846375 0.3181896209716797 -0.5555702447891235
v -0.6532812714576721 0.27059799432754517 -0.7071067690849304
v -0.5132794380187988 0.2126074880361557 -0.8314695954322815
v -0.3535532057285309 0.1464465856552124 -0.9238795042037964
v -0.18023978173732758 0.07465778291225433 -0.9807852506637573
v -0.16221150755882263 0.10838629305362701 0.9807852506637573
v -0.31818944215774536 0.2126074582338333 0.9238795042037964
v -0.4619392156600952 0.3086581528186798 0.8314695954322815
v -0.587937593460083 0.3928473889827728 0.7071067690849304
v -0.6913411617279053 0.46193963289260864 0.5555702447891235
v -0.7681773900985718 0.5132797360420227 0.3826834559440613
v -0.815492570400238 0.5448950529098511 0.19509032368659973
v -0.8314684629440308 0.5555700659751892 0.0
v -0.815492570400238 0.5448950529098511 -0.19509032368659973
v -0.7681773900985718 0.5132797360420227 -0.3826834559440613
v -0.6913411617279053 0.46193963289260864 -0.5555702447891235
v -0.587937593460083 0.3928473889827728 -0.7071067690849304
v -0.4619392156600952 0.3086581528186798 -0.8314695954322815
v -0.31818944215774536 0.2126074582338333 -0.9238795042037964
v -0.16221150755882263 0.10838629305362701 -0.9807852506637573
v -0.13794954121112823 0.13794957101345062 0.9807852506637573
v -0.2705978751182556 0.2705979347229004 0.9238795042037964
v -0.392846941947937 0.3928472399711609 0.8314695954322815
v -0.4999998211860657 0.49999988079071045 0.7071067690849304
v -0.5879372358322144 0.5879375338554382 0.5555702447891235
v -0.6532811522483826 0.6532811522483826 0.3826834559440613
v -0.6935193538665771 0.6935197114944458 0.19509032368659973
v -0.7071056962013245 0.707106351852417 0.0
v -0.6935193538665771 0.6935197114944458 -0.19509032368659973
v -0.6532811522483826 0.6532811522483826 -0.3826834559440613
v -0.5879372358322144 0.5879375338554382 -0.5555702447891235
v -0.4999998211860657 0.49999988079071045 -0.7071067690849304
v -0.392846941947937 0.3928472399711609 -0.8314695954322815
v -0.2705978751182556 0.2705979347229004 -0.9238795042037964
v -0.13794954121112823 0.13794957101345062 -0.9807852506637573
v -0.10838624835014343 0.16221152245998383 0.9807852506637573
v -0.21260736882686615 0.31818950176239014 0.9238795042037964
v -0.30865779519081116 0.46193942427635193 0.8314695954322815
v -0.39284729957580566 0.5879376530647278 0.7071067690849304
v -0.46193927526474 0.6913413405418396 0.5555702447891235
v -0.5132796764373779 0.7681773900985718 0.3826834559440613
v -0.5448945760726929 0.8154928088188171 0.19509032368659973
v -0.5555692315101624 0.831468939781189 0.0
v -0.5448945760726929 0.8154928088188171 -0.19509032368659973
v -0.5132796764373779 0.7681773900985718 -0.3826834559440613
v -0.46193927526474 0.6913413405418396 -0.5555702447891235
v -0.39284729957580566 0.5879376530647278 -0.7071067690849304
v -0.30865779519081116 0.46193942427635193 -0.8314695954322815
v -0.21260736882686615 0.31818950176239014 -0.9238795042037964
v -0.10838624835014343 0.16221152245998383 -0.9807852506637573
v -0.07465773820877075 0.18023976683616638 0.9807852506637573
v -0.14644648134708405 0.35355323553085327 0.9238795042037964
v -0.21260710060596466 0.5132794976234436 0.8314695954322815
v -0.270597904920578 0.6532813310623169 0.7071067690849304
v -0.31818920373916626 0.7681772708892822 0.5555702447891235
v -0.3535531759262085 0.8535529971122742 0.3826834559440613
v -0.37532979249954224 0.9061269760131836 0.19509032368659973
v -0.38268256187438965 0.9238786101341248 0.0
v -0.37532979249954224 0.9061269760131836 -0.19509032368659973
v -0.3535531759262085 0.8535529971122742 -0.3826834559440613
v -0.31818920373916626 0.7681772708892822 -0.5555702447891235
v -0.270597904920578 0.6532813310623169 -0.7071067690849304
v -0.21260710060596466 0.5132794976234436 -0.8314695954322815
v -0.14644648134708405 0.35355323553085327 -0.9238795042037964
v -0.07465773820877075 0.18023976683616638 -0.9807852506637573
v -0.038060177117586136 0.19134150445461273 0.9807852506637573
v -0.07465773075819016 0.3753300905227661 0.9238795042037964
v -0.10838603973388672 0.5448945164680481 0.8314695954322815
v -0.13794957101345062 0.6935197710990906 0.7071067690849304
v -0.1622113287448883 0.815492570400238 0.5555702447891235
v -0.18023981153964996 0.9061269760131836 0.3826834559440613
v -0.1913413256406784 0.9619392156600952 0.19509032368659973
v -0.19508962333202362 0.9807841777801514 0.0
v -0.1913413256406784 0.9619392156600952 -0.19509032368659973
v -0.18023981153964996 0.9061269760131836 -0.3826834559440613
v -0.1622113287448883 0.815492570400238 -0.5555702447891235
v -0.13794957101345062 0.6935197710990906 -0.7071067690849304
v -0.10838603973388672 0.5448945164680481 -0.8314695954322815
v -0.07465773075819016 0.3753300905227661 -0.9238795042037964
v -0.038060177117586136 0.19134150445461273 -0.9807852506637573
v 1.4901161193847656e-08 0.19509010016918182 0.9807852506637573
v 6.705522537231445e-08 0.3826832175254822 0.9238795042037964
v 8.940696716308594e-08 0.7071065902709961 0.7071067690849304
v 5.960464477539063e-08 0.9238790273666382 0.3826834559440613
v 5.960464477539063e-08 0.9238790273666382 -0.3826834559440613
v 8.940696716308594e-08 0.7071065902709961 -0.7071067690849304
v 2.1606683731079102e-07 0.5555695295333862 -0.8314695954322815
v 6.705522537231445e-08 0.3826832175254822 -0.9238795042037964
v 1.4901161193847656e-08 0.19509010016918182 -0.9807852506637573
Faces: 960
f 1 475 9
f 1 9 10
f 479 478 17
f 479 17 18
f 476 1 10
f 476 10 11
f 480 479 18
f 480 18 19
f 2 476 11
f 2 11 12
f 481 480 19
f 481 19 20
f 3 2 12
f 3 12 13
f 473 81 6
f 307 481 20
f 4 3 13
f 4 13 14
f 474 473 6
f 474 6 7
f 477 4 14
f 477 14 15
f 0 474 7
f 0 7 8
f 5 477 15
f 5 15 16
f 475 0 8
f 475 8 9
f 478 5 16
f 478 16 17
f 16 15 30
f 16 30 31
f 9 8 23
f 9 23 24
f 17 16 31
f 17 31 32
f 10 9 24
f 10 24 25
f 18 17 32
f 18 32 33
f 11 10 25
f 11 25 26
f 19 18 33
f 19 33 34
f 12 11 26
f 12 26 27
f 20 19 34
f 20 34 35
f 13 12 27
f 13 27 28
f 6 81 21
f 307 20 35
f 14 13 28
f 14 28 29
f 7 6 21
f 7 21 22
f 15 14 29
f 15 29 30
f 8 7 22
f 8 22 23
f 35 34 49
f 35 49 50
f 28 27 42
f 28 42 43
f 21 81 36
f 307 35 50
f 29 28 43
f 29 43 44
f 22 21 36
f 22 36 37
f 30 29 44
f 30 44 45
f 23 22 37
f 23 37 38
f 31 30 45
f 31 45 46
f 24 23 38
f 24 38 39
f 32 31 46
f 32 46 47
f 25 24 39
f 25 39 40
f 33 32 47
f 33 47 48
f 26 25 40
f 26 40 41
f 34 33 48
f 34 48 49
f 27 26 41
f 27 41 42
f 47 46 61
f 47 61 62
f 40 39 54
f 40 54 55
f 48 47 62
f 48 62 63
f 41 40 55
f 41 55 56
f 49 48 63
f 49 63 64
f 42 41 56
f 42 56 57
f 50 49 64
f 50 64 65
f 43 42 57
f 43 57 58
f 36 81 51
f 307 50 65
f 44 43 58
f 44 58 59
f 37 36 51
f 37 51 52
f 45 44 59
f 45 59 60
f 38 37 52
f 38 52 53
f 46 45 60
f 46 60 61
f 39 38 53
f 39 53 54
f 51 81 66
f 307 65 80
f 59 58 73
f 59 73 74
f 52 51 66
f 52 66 67
f 60 59 74
f 60 74 75
f 53 52 67
f 53 67 68
f 61 60 75
f 61 75 76
f 54 53 68
f 54 68 69
f 62 61 76
f 62 76 77
f 55 54 69
f 55 69 70
f 63 62 77
f 63 77 78
f 56 55 70
f 56 70 71
f 64 63 78
f 64 78 79
f 57 56 71
f 57 71 72
f 65 64 79
f 65 79 80
f 58 57 72
f 58 72 73
f 70 69 85
f 70 85 86
f 78 77 93
f 78 93 94
f 71 70 86
f 71 86 87
f 79 78 94
f 79 94 95
f 72 71 87
f 72 87 88
f 80 79 95
f 80 95 96
f 73 72 88
f 73 88 89
f 66 81 82
f 307 80 96
f 74 73 89
f 74 89 90
f 67 66 82
f 67 82 83
f 75 74 90
f 75 90 91
f 68 67 83
f 68 83 84
f 76 75 91
f 76 91 92
f 69 68 84
f 69 84 85
f 77 76 92
f 77 92 93
f 90 89 104
f 90 104 105
f 83 82 97
f 83 97 98
f 91 90 105
f 91 105 106
f 84 83 98
f 84 98 99
f 92 91 106
f 92 106 107
f 85 84 99
f 85 99 100
f 93 92 107
f 93 107 108
f 86 85 100
f 86 100 101
f 94 93 108
f 94 108 109
f 87 86 101
f 87 101 102
f 95 94 109
f 95 109 110
f 88 87 102
f 88 102 103
f 96 95 110
f 96 110 111
f 89 88 103
f 89 103 104
f 82 81 97
f 307 96 111
f 109 108 123
f 109 123 124
f 102 101 116
f 102 116 117
f 110 109 124
f 110 124 125
f 103 102 117
f 103 117 118
f 111 110 125
f 111 125 126
f 104 103 118
f 104 118 119
f 97 81 112
f 307 111 126
f 105 104 119
f 105 119 120
f 98 97 112
f 98 112 113
f 106 105 120
f 106 120 121
f 99 98 113
f 99 113 114
f 107 106 121
f 107 121 122
f 100 99 114
f 100 114 115
f 108 107 122
f 108 122 123
f 101 100 115
f 101 115 116
f 113 112 127
f 113 127 128
f 121 120 135
f 121 135 136
f 114 113 128
f 114 128 129
f 122 121 136
f 122 136 137
f 115 114 129
f 115 129 130
f 123 122 137
f 123 137 138
f 116 115 130
f 116 130 131
f 124 123 138
f 124 138 139
f 117 116 131
f 117 131 132
f 125 124 139
f 125 139 140
f 118 117 132
f 118 132 133
f 126 125 140
f 126 140 141
f 119 118 133
f 119 133 134
f 112 81 127
f 307 126 141
f 120 119 134
f 120 134 135
f 132 131 146
f 132 146 147
f 140 139 154
f 140 154 155
f 133 132 147
f 133 147 148
f 141 140 155
f 141 155 156
f 134 133 148
f 134 148 149
f 127 81 142
f 307 141 156
f 135 134 149
f 135 149 150
f 128 127 142
f 128 142 143
f 136 135 150
f 136 150 151
f 129 128 143
f 129 143 144
f 137 136 151
f 137 151 152
f 130 129 144
f 130 144 145
f 138 137 152
f 138 152 153
f 131 130 145
f 131 145 146
f 139 138 153
f 139 153 154
f 151 150 165
f 151 165 166
f 144 143 158
f 144 158 159
f 152 151 166
f 152 166 167
f 145 144 159
f 145 159 160
f 153 152 167
f 153 167 168
f 146 145 160
f 146 160 161
f 154 153 168
f 154 168 169
f 147 146 161
f 147 161 162
f 155 154 169
f 155 169 170
f 148 147 162
f 148 162 163
f 156 155 170
f 156 170 171
f 149 148 163
f 149 163 164
f 142 81 157
f 307 156 171
f 150 149 164
f 150 164 165
f 143 142 157
f 143 157 158
f 170 169 184
f 170 184 185
f 163 162 177
f 163 177 178
f 171 170 185
f 171 185 186
f 164 163 178
f 164 178 179
f 157 81 172
f 307 171 186
f 165 164 179
f 165 179 180
f 158 157 172
f 158 172 173
f 166 165 180
f 166 180 181
f 159 158 173
f 159 173 174
f 167 166 181
f 167 181 182
f 160 159 174
f 160 174 175
f 168 167 182
f 168 182 183
f 161 160 175
f 161 175 176
f 169 168 183
f 169 183 184
f 162 161 176
f 162 176 177
f 182 181 196
f 182 196 197
f 175 174 189
f 175 189 190
f 183 182 197
f 183 197 198
f 176 175 190
f 176 190 191
f 184 183 198
f 184 198 199
f 177 176 191
f 177 191 192
f 185 184 199
f 185 199 200
f 178 177 192
f 178 192 193
f 186 185 200
f 186 200 201
f 179 178 193
f 179 193 194
f 172 81 187
f 307 186 201
f 180 179 194
f 180 194 195
f 173 172 187
f 173 187 188
f 181 180 195
f 181 195 196
f 174 173 188
f 174 188 189
f 201 200 215
f 201 215 216
f 194 193 208
f 194 208 209
f 187 81 202
f 307 201 216
f 195 194 209
f 195 209 210
f 188 187 202
f 188 202 203
f 196 195 210
f 196 210 211
f 189 188 203
f 189 203 204
f 197 196 211
f 197 211 212
f 190 189 204
f 190 204 205
f 198 197 212
f 198 212 213
f 191 190 205
f 191 205 206
f 199 198 213
f 199 213 214
f 192 191 206
f 192 206 207
f 200 199 214
f 200 214 215
f 193 192 207
f 193 207 208
f 205 204 219
f 205 219 220
f 213 212 227
f 213 227 228
f 206 205 220
f 206 220 221
f 214 213 228
f 214 228 229
f 207 206 221
f 207 221 222
f 215 214 229
f 215 229 230
f 208 207 222
f 208 222 223
f 216 215 230
f 216 230 231
f 209 208 223
f 209 223 224
f 202 81 217
f 307 216 231
f 210 209 224
f 210 224 225
f 203 202 217
f 203 217 218
f 211 210 225
f 211 225 226
f 204 203 218
f 204 218 219
f 212 211 226
f 212 226 227
f 224 223 238
f 224 238 239
f 217 81 232
f 307 231 246
f 225 224 239
f 225 239 240
f 218 217 232
f 218 232 233
f 226 225 240
f 226 240 241
f 219 218 233
f 219 233 234
f 227 226 241
f 227 241 242
f 220 219 234
f 220 234 235
f 228 227 242
f 228 242 243
f 221 220 235
f 221 235 236
f 229 228 243
f 229 243 244
f 222 221 236
f 222 236 237
f 230 229 244
f 230 244 245
f 223 222 237
f 223 237 238
f 231 230 245
f 231 245 246
f 243 242 257
f 243 257 258
f 236 235 250
f 236 250 251
f 244 243 258
f 244 258 259
f 237 236 251
f 237 251 252
f 245 244 259
f 245 259 260
f 238 237 252
f 238 252 253
f 246 245 260
f 246 260 261
f 239 238 253
f 239 253 254
f 232 81 247
f 307 246 261
f 240 239 254
f 240 254 255
f 233 232 247
f 233 247 248
f 241 240 255
f 241 255 256
f 234 233 248
f 234 248 249
f 242 241 256
f 242 256 257
f 235 234 249
f 235 249 250
f 247 81 262
f 307 261 276
f 255 254 269
f 255 269 270
f 248 247 262
f 248 262 263
f 256 255 270
f 256 270 271
f 249 248 263
f 249 263 264
f 257 256 271
f 257 271 272
f 250 249 264
f 250 264 265
f 258 257 272
f 258 272 273
f 251 250 265
f 251 265 266
f 259 258 273
f 259 273 274
f 252 251 266
f 252 266 267
f 260 259 274
f 260 274 275
f 253 252 267
f 253 267 268
f 261 260 275
f 261 275 276
f 254 253 268
f 254 268 269
f 266 265 280
f 266 280 281
f 274 273 288
f 274 288 289
f 267 266 281
f 267 281 282
f 275 274 289
f 275 289 290
f 268 267 282
f 268 282 283
f 276 275 290
f 276 290 291
f 269 268 283
f 269 283 284
f 262 81 277
f 307 276 291
f 270 269 284
f 270 284 285
f 263 262 277
f 263 277 278
f 271 270 285
f 271 285 286
f 264 263 278
f 264 278 279
f 272 271 286
f 272 286 287
f 265 264 279
f 265 279 280
f 273 272 287
f 273 287 288
f 285 284 299
f 285 299 300
f 278 277 292
f 278 292 293
f 286 285 300
f 286 300 301
f 279 278 293
f 279 293 294
f 287 286 301
f 287 301 302
f 280 279 294
f 280 294 295
f 288 287 302
f 288 302 303
f 281 280 295
f 281 295 296
f 289 288 303
f 289 303 304
f 282 281 296
f 282 296 297
f 290 289 304
f 290 304 305
f 283 282 297
f 283 297 298
f 291 290 305
f 291 305 306
f 284 283 298
f 284 298 299
f 277 81 292
f 307 291 306
f 304 303 319
f 304 319 320
f 297 296 312
f 297 312 313
f 305 304 320
f 305 320 321
f 298 297 313
f 298 313 314
f 306 305 321
f 306 321 322
f 299 298 314
f 299 314 315
f 292 81 308
f 307 306 322
f 300 299 315
f 300 315 316
f 293 292 308
f 293 308 309
f 301 300 316
f 301 316 317
f 294 293 309
f 294 309 310
f 302 301 317
f 302 317 318
f 295 294 310
f 295 310 311
f 303 302 318
f 303 318 319
f 296 295 311
f 296 311 312
f 317 316 331
f 317 331 332
f 310 309 324
f 310 324 325
f 318 317 332
f 318 332 333
f 311 310 325
f 311 325 326
f 319 318 333
f 319 333 334
f 312 311 326
f 312 326 327
f 320 319 334
f 320 334 335
f 313 312 327
f 313 327 328
f 321 320 335
f 321 335 336
f 314 313 328
f 314 328 329
f 322 321 336
f 322 336 337
f 315 314 329
f 315 329 330
f 308 81 323
f 307 322 337
f 316 315 330
f 316 330 331
f 309 308 323
f 309 323 324
f 336 335 350
f 336 350 351
f 329 328 343
f 329 343 344
f 337 336 351
f 337 351 352
f 330 329 344
f 330 344 345
f 323 81 338
f 307 337 352
f 331 330 345
f 331 345 346
f 324 323 338
f 324 338 339
f 332 331 346
f 332 346 347
f 325 324 339
f 325 339 340
f 333 332 347
f 333 347 348
f 326 325 340
f 326 340 341
f 334 333 348
f 334 348 349
f 327 326 341
f 327 341 342
f 335 334 349
f 335 349 350
f 328 327 342
f 328 342 343
f 340 339 354
f 340 354 355
f 348 347 362
f 348 362 363
f 341 340 355
f 341 355 356
f 349 348 363
f 349 363 364
f 342 341 356
f 342 356 357
f 350 349 364
f 350 364 365
f 343 342 357
f 343 357 358
f 351 350 365
f 351 365 366
f 344 343 358
f 344 358 359
f 352 351 366
f 352 366 367
f 345 344 359
f 345 359 360
f 338 81 353
f 307 352 367
f 346 345 360
f 346 360 361
f 339 338 353
f 339 353 354
f 347 346 361
f 347 361 362
f 359 358 373
f 359 373 374
f 367 366 381
f 367 381 382
f 360 359 374
f 360 374 375
f 353 81 368
f 307 367 382
f 361 360 375
f 361 375 376
f 354 353 368
f 354 368 369
f 362 361 376
f 362 376 377
f 355 354 369
f 355 369 370
f 363 362 377
f 363 377 378
f 356 355 370
f 356 370 371
f 364 363 378
f 364 378 379
f 357 356 371
f 357 371 372
f 365 364 379
f 365 379 380
f 358 357 372
f 358 372 373
f 366 365 380
f 366 380 381
f 378 377 392
f 378 392 393
f 371 370 385
f 371 385 386
f 379 378 393
f 379 393 394
f 372 371 386
f 372 386 387
f 380 379 394
f 380 394 395
f 373 372 387
f 373 387 388
f 381 380 395
f 381 395 396
f 374 373 388
f 374 388 389
f 382 381 396
f 382 396 397
f 375 374 389
f 375 389 390
f 368 81 383
f 307 382 397
f 376 375 390
f 376 390 391
f 369 368 383
f 369 383 384
f 377 376 391
f 377 391 392
f 370 369 384
f 370 384 385
f 397 396 411
f 397 411 412
f 390 389 404
f 390 404 405
f 383 81 398
f 307 397 412
f 391 390 405
f 391 405 406
f 384 383 398
f 384 398 399
f 392 391 406
f 392 406 407
f 385 384 399
f 385 399 400
f 393 392 407
f 393 407 408
f 386 385 400
f 386 400 401
f 394 393 408
f 394 408 409
f 387 386 401
f 387 401 402
f 395 394 409
f 395 409 410
f 388 387 402
f 388 402 403
f 396 395 410
f 396 410 411
f 389 388 403
f 389 403 404
f 401 400 415
f 401 415 416
f 409 408 423
f 409 423 424
f 402 401 416
f 402 416 417
f 410 409 424
f 410 424 425
f 403 402 417
f 403 417 418
f 411 410 425
f 411 425 426
f 404 403 418
f 404 418 419
f 412 411 426
f 412 426 427
f 405 404 419
f 405 419 420
f 398 81 413
f 307 412 427
f 406 405 420
f 406 420 421
f 399 398 413
f 399 413 414
f 407 406 421
f 407 421 422
f 400 399 414
f 400 414 415
f 408 407 422
f 408 422 423
f 420 419 434
f 420 434 435
f 413 81 428
f 307 427 442
f 421 420 435
f 421 435 436
f 414 413 428
f 414 428 429
f 422 421 436
f 422 436 437
f 415 414 429
f 415 429 430
f 423 422 437
f 423 437 438
f 416 415 430
f 416 430 431
f 424 423 438
f 424 438 439
f 417 416 431
f 417 431 432
f 425 424 439
f 425 439 440
f 418 417 432
f 418 432 433
f 426 425 440
f 426 440 441
f 419 418 433
f 419 433 434
f 427 426 441
f 427 441 442
f 439 438 453
f 439 453 454
f 432 431 446
f 432 446 447
f 440 439 454
f 440 454 455
f 433 432 447
f 433 447 448
f 441 440 455
f 441 455 456
f 434 433 448
f 434 448 449
f 442 441 456
f 442 456 457
f 435 434 449
f 435 449 450
f 428 81 443
f 307 442 457
f 436 435 450
f 436 450 451
f 429 428 443
f 429 443 444
f 437 436 451
f 437 451 452
f 430 429 444
f 430 444 445
f 438 437 452
f 438 452 453
f 431 430 445
f 431 445 446
f 307 457 472
f 451 450 465
f 451 465 466
f 444 443 458
f 444 458 459
f 452 451 466
f 452 466 467
f 445 444 459
f 445 459 460
f 453 452 467
f 453 467 468
f 446 445 460
f 446 460 461
f 454 453 468
f 454 468 469
f 447 446 461
f 447 461 462
f 455 454 469
f 455 469 470
f 448 447 462
f 448 462 463
f 456 455 470
f 456 470 471
f 449 448 463
f 449 463 464
f 457 456 471
f 457 471 472
f 450 449 464
f 450 464 465
f 443 81 458
f 470 469 478
f 470 478 479
f 463 462 1
f 463 1 476
f 471 470 479
f 471 479 480
f 464 463 476
f 464 476 2
f 472 471 480
f 472 480 481
f 465 464 2
f 465 2 3
f 458 81 473
f 307 472 481
f 466 465 3
f 466 3 4
f 459 458 473
f 459 473 474
f 467 466 4
f 467 4 477
f 460 459 474
f 460 474 0
f 468 467 477
f 468 477 5
f 461 460 0
f 461 0 475
f 469 468 5
f 469 5 478
f 462 461 475
f 462 475 1
